1 []
2 []
3 []
4 []
5 []
6 []
7 []
8 []
9 []
10 []
11 []
12 []
13 []
14 []
15 []
16 []
17 []
18 []
19 []
20 []
21 []
22 []
23 []
24 []
25 []
26 []
27 []
28 []
29 []
30 []
31 []
32 []
33 []
34 []
35 []
36 []
37 []
38 [8]
39 [8]
40 [8]
41 [8]
42 []
43 []
44 []
45 []
46 []
47 []
48 []
49 [2]
50 [2]
51 [2]
52 [2]
53 [2]
54 [2]
55 [2, 0, 0]
56 [0, 2]
57 [2, 0]
58 [0, 2]
59 [0, 2]
60 [2]
61 [2]
62 [2]
63 [2]
64 [2, 8]
65 [2]
66 [2]
67 [2]
68 [2]
69 [2]
70 [2, 2]
71 [2]
72 [2, 2]
73 [2, 2]
74 [2, 2]
75 [2, 2]
76 [2, 0, 2]
77 [2, 2]
78 [2]
79 [2]
80 [2]
81 [2, 2]
82 [2, 2]
83 [2]
84 [2]
85 [2]
86 [2]
87 [2]
88 [2]
89 [2]
90 [2]
91 [2]
92 [2]
93 [2]
94 [2]
95 [2]
96 [2]
97 [2]
98 [2]
99 [2]
100 [2]
101 [2]
102 [2]
103 [2]
104 [2]
105 [2]
106 [2]
107 [2]
108 [2]
109 [2]
110 [2]
111 [2]
112 [2]
113 [2]
114 [2]
115 [2]
116 [2]
117 [2]
118 [2]
119 [2]
120 [2]
121 [2]
122 [2]
123 [2]
124 [2]
125 [2]
126 [2]
127 [2]
128 [2]
129 [2]
130 [2]
131 [2]
132 [2]
133 [2]
134 [2]
135 [2]
136 [2]
137 [2]
138 [2]
139 [2]
140 [2]
141 [2]
142 [2]
143 [2]
144 [2]
145 [2]
146 [2]
147 [2]
148 [2]
149 [2]
150 [2]
151 [2]
152 [2]
153 [2]
154 [2]
155 [2]
156 [2]
157 [2]
158 [2]
159 [2]
160 [2]
161 [2]
162 [2]
163 [2]
164 [2]
165 [2]
166 [2]
167 [2]
168 [2]
169 [2]
170 [2]
171 [2]
172 [2]
173 [2]
174 [2]
175 [2]
176 [2]
177 [2]
178 [2]
179 [2]
180 [2]
181 [2]
182 [2]
183 [2]
184 [2, 8]
185 [2, 8]
186 [2, 8]
187 [2, 8]
188 [2]
189 [2]
190 [2]
191 [2, 8]
192 [2]
193 [2]
194 [2]
195 [2]
196 [2]
197 [2]
198 [2]
199 [2]
200 [2]
201 [2]
202 [2]
203 [2]
204 [2]
205 [2]
206 [2]
207 [2]
208 [2]
209 [2]
210 [2]
211 [2]
212 [2]
213 [2]
214 [2]
215 [2]
216 [2]
217 [2]
218 [2]
219 [2]
220 [2]
221 [2]
222 [2]
223 [2]
224 [2]
225 [2]
226 [2]
227 [2]
228 [2]
229 [2]
230 [2]
231 [2]
232 [2]
233 [2]
234 [2]
235 [2]
236 [2]
237 [2]
238 [2]
239 [2]
240 [2]
241 [2]
242 [2]
243 [2]
244 [2]
245 [2]
246 [2]
247 [2]
248 [2]
249 [2]
250 [2]
251 [2]
252 [2]
253 [2]
254 [2]
255 [2]
256 [2]
257 [2]
258 [2]
259 [2]
260 [2]
261 [2]
262 [2]
263 [2]
264 [2]
265 [2]
266 [2]
267 [2]
268 [2]
269 [2]
270 [2]
271 [2]
272 [2]
273 [2]
274 [2]
275 [2]
276 [2]
277 [2]
278 [2]
279 [2]
280 [2]
281 [2]
282 [2]
283 [2]
284 [2]
285 [2]
286 [2]
287 [2]
288 [2]
289 [2]
290 [2]
291 [2]
292 [2]
293 [2]
294 [2]
295 [2]
296 [2, 8]
297 [2, 8]
298 [2]
299 [2]
300 [2, 8]
301 [2]
302 [2]
303 [2]
304 [2]
305 [2]
306 [2]
307 [2]
308 [2]
309 [2]
310 [2]
311 [2]
312 [2]
313 [2]
314 [2]
315 [2]
316 [2]
317 [2]
318 [2]
319 [2]
320 [2]
321 [2]
322 [2]
323 [2]
324 [2]
325 [2]
326 [2]
327 [2]
328 [2]
329 [2]
330 [2]
331 [2]
332 [2]
333 [2]
334 [2]
335 [2]
336 [2]
337 [2]
338 [2]
339 [2]
340 [2]
341 [2]
342 [2]
343 [2]
344 [2]
345 [2]
346 [2]
347 [2]
348 [2]
349 [2]
350 [2]
351 [2]
352 [2]
353 [2]
354 [2]
355 [2]
356 [2]
357 [2]
358 [2]
359 [2]
360 [2]
361 [2]
362 [2]
363 [2]
364 [2]
365 [2]
366 [2]
367 [2]
368 [2]
369 [2]
370 [2]
371 [2]
372 [2]
373 [2]
374 [2]
375 [2]
376 [2]
377 [2]
378 [2]
379 [2]
380 [2]
381 [2]
382 [2]
383 [2]
384 [2]
385 [2]
386 [2]
387 [2]
388 [2]
389 [2]
390 [2]
391 [2]
392 [2]
393 [2]
394 [2]
395 [2]
396 [2]
397 [2]
398 [2]
399 [2]
400 [2]
401 [2]
402 [2]
403 [2]
404 [2]
405 [2]
406 [2]
407 [2]
408 [2]
409 [2]
410 [2]
411 [2]
412 [2]
413 [2]
414 [2]
415 [2]
416 [2]
417 [2]
418 [2]
419 [2]
420 [2]
421 [2]
422 [2]
423 [2]
424 [2]
425 [2]
426 [2]
427 [2]
428 [2]
429 [2]
430 [2]
431 [2]
432 [2]
433 [2]
434 [2]
435 [2]
436 [2]
437 [2]
438 [2]
439 [2]
440 [2]
441 [2]
442 [2]
443 [2]
444 [2]
445 [2]
446 [2]
447 [2]
448 [2]
449 [2]
450 [2]
451 [2]
452 [2]
453 [2]
454 [2]
455 [2]
456 [2]
457 [2]
458 [2]
459 [2]
460 [2]
461 [2]
462 [2]
463 [2]
464 [2]
465 [2]
466 [2]
467 [2]
468 [2]
469 [2]
470 [2]
471 [2]
472 [2]
473 [2]
474 [2]
475 [2]
476 [2]
477 [2]
478 [2]
479 [2]
480 [2]
481 [2]
482 [2]
483 [2]
484 [2]
485 [2]
486 [2]
487 [2]
488 [2]
489 [2]
490 [2]
491 [2]
492 [2]
493 [2]
494 [2]
495 [2]
496 [2]
497 [2]
498 [2]
499 [2]
500 [2]
501 [2]
502 [2]
503 [2]
504 [2]
505 [2]
506 [2]
507 [2]
508 [2]
509 [2]
510 [2]
511 [2]
512 [2]
513 [2]
514 [2]
515 [2]
516 [2]
517 [2]
518 [2]
519 [2]
520 [2]
521 [2]
522 [2]
523 [2]
524 [2]
525 [2]
526 [2]
527 [2]
528 [2]
529 [2]
530 [2]
531 [2]
532 [2]
533 [0, 2]
534 [0, 2]
535 [2]
536 [2]
537 [2]
538 [2]
539 [2]
540 [2]
541 [2]
542 [0, 2]
543 [2]
544 [2]
545 [0, 2]
546 [2]
547 [2]
548 [2]
549 [2]
550 [0, 0, 2]
551 [2]
552 [0, 2]
553 [0, 0, 2]
554 [0, 2]
555 [2]
556 [0, 0, 2]
557 [0, 2]
558 [0, 0, 2]
559 [0, 2]
560 [0, 0, 2]
561 [0, 0, 2]
562 [0, 2]
563 [0, 0, 38, 2]
564 [0, 0, 2]
565 [0, 2]
566 [0, 0, 2]
567 [0, 2]
568 [0, 0, 2]
569 [0, 0, 2]
570 [0, 0, 2]
571 [0, 0, 2]
572 [0, 0, 2]
573 [0, 0, 2]
574 [0, 0, 2]
575 [0, 0, 2]
576 [0, 0, 2]
577 [0, 0, 2]
578 [0, 0, 2]
579 [0, 0, 2]
580 [0, 0, 2]
581 [0, 0, 2]
582 [0, 0, 2]
583 [0, 0, 2]
584 [0, 0, 2]
585 [0, 0, 2]
586 [0, 0, 2]
587 [0, 0, 2]
588 [0, 0, 2]
589 [0, 0, 2]
590 [0, 0, 2]
591 [0, 0, 2]
592 [0, 0, 2]
593 [0, 0, 2]
594 [0, 0, 2]
595 [0, 0, 2]
596 [0, 0, 2]
597 [0, 0, 2]
598 [0, 0, 2]
599 [0, 0, 2]
600 [0, 0, 2]
601 [0, 0, 2]
602 [0, 0, 2]
603 [0, 0, 2]
604 [0, 0, 2]
605 [0, 0, 2]
606 [0, 0, 2]
607 [0, 0, 2]
608 [0, 0, 2]
609 [0, 0, 2]
610 [0, 0, 2]
611 [0, 0, 2]
612 [0, 0, 0, 2]
613 [0, 0, 2, 0]
614 [0, 0, 2]
615 [0, 0, 2]
616 [0, 0, 2, 0]
617 [0, 0, 2]
618 [0, 0, 2]
619 [0, 0, 2]
620 [0, 0, 2]
621 [0, 0, 2]
622 [0, 0, 2]
623 [0, 0, 2]
624 [0, 0, 2]
625 [0, 0, 2]
626 [0, 0, 2]
627 [0, 0, 2]
628 [0, 0, 0, 2]
629 [0, 0, 2]
630 [0, 0, 2]
631 [0, 0, 2]
632 [0, 0, 2]
633 [0, 0, 2, 0]
634 [0, 0, 0, 2]
635 [0, 0, 2, 0]
636 [0, 0, 2]
637 [0, 0, 2]
638 [0, 0, 2]
639 [0, 0, 2]
640 [0, 0, 2]
641 [0, 0, 2]
642 [0, 0, 2]
643 [0, 0, 2]
644 [0, 0, 2]
645 [0, 0, 2]
646 [0, 0, 2]
647 [0, 0, 2]
648 [0, 0, 2]
649 [0, 0, 2]
650 [0, 0, 2]
651 [0, 0, 2]
652 [0, 0, 2]
653 [0, 0, 2]
654 [0, 0, 2]
655 [0, 0, 2]
656 [0, 0, 2]
657 [0, 0, 2]
658 [0, 2]
659 [0, 2]
660 [0, 2]
661 [0, 2]
662 [0, 2]
663 [2]
664 [2]
665 [0, 0, 2]
666 [2]
667 [0, 0, 2]
668 [0, 2]
669 [0, 0, 2]
670 [0, 0, 2]
671 [0, 0, 2]
672 [0, 2]
673 [0, 0, 2]
674 [0, 0, 2]
675 [0, 0, 2]
676 [0, 0, 2]
677 [0, 0, 2]
678 [0, 0, 2]
679 [0, 2]
680 [0, 2]
681 [0, 0, 2]
682 [0, 0, 2]
683 [0, 0, 2]
684 [0, 0, 2]
685 [0, 2]
686 [0, 0, 2]
687 [0, 2]
688 [0, 0, 2]
689 [0, 0, 2]
690 [0, 0, 2]
691 [0, 0, 2]
692 [0, 0, 2]
693 [0, 0, 2]
694 [0, 0, 2]
695 [0, 2]
696 [0, 2]
697 [0, 0, 2]
698 [0, 0, 2]
699 [0, 2]
700 [0, 0, 2]
701 [0, 0, 2]
702 [0, 0, 2]
703 [0, 2]
704 [0, 0, 2]
705 [0, 0, 2]
706 [0, 0, 2]
707 [0, 0, 2]
708 [0, 0, 2]
709 [0, 2]
710 [0, 2]
711 [0, 2]
712 [0, 2]
713 [0, 0, 0, 2]
714 [0, 0, 0, 2, 0]
715 [0, 0, 0, 2]
716 [0, 0, 2]
717 [0, 0, 2]
718 [0, 0, 0, 2]
719 [0, 0, 2]
720 [0, 2, 0]
721 [0, 0, 0, 2]
722 [0, 0, 2, 0]
723 [0, 0, 2, 0]
724 [0, 0, 2, 0]
725 [0, 0, 0, 2]
726 [0, 0, 0, 2]
727 [0, 0, 0, 2]
728 [0, 0, 0, 2]
729 [0, 0, 2, 0]
730 [0, 0, 2]
731 [0, 0, 2]
732 [0, 0, 2]
733 [0, 0, 2]
734 [0, 0, 2]
735 [0, 0, 2]
736 [0, 0, 2]
737 [0, 0, 0, 2]
738 [0, 0, 0, 2]
739 [0, 0, 0, 2]
740 [0, 0, 0, 2]
741 [0, 0, 0, 2]
742 [0, 0, 0, 2]
743 [0, 0, 0, 2]
744 [0, 0, 0, 2]
745 [0, 0, 0, 2]
746 [0, 0, 0, 2]
747 [0, 0, 0, 2]
748 [0, 0, 0, 2]
749 [0, 0, 0, 2]
750 [0, 0, 0, 2]
751 [0, 0, 0, 2]
752 [0, 0, 0, 2]
753 [0, 0, 0, 2]
754 [0, 0, 0, 2]
755 [0, 0, 0, 2]
756 [0, 0, 0, 2]
757 [0, 0, 0, 2]
758 [0, 0, 0, 2]
759 [0, 0, 0, 2]
760 [0, 0, 0, 2]
761 [0, 0, 0, 2]
762 [0, 0, 0, 2]
763 [0, 0, 0, 2]
764 [0, 0, 0, 2]
765 [0, 0, 0, 2]
766 [0, 0, 0, 2]
767 [0, 0, 0, 2]
768 [0, 0, 0, 2]
769 [0, 0, 0, 2]
770 [0, 0, 0, 2]
771 [0, 0, 0, 2]
772 [0, 0, 0, 2]
773 [0, 0, 0, 2]
774 [0, 0, 0, 2]
775 [0, 0, 0, 2]
776 [0, 0, 0, 2]
777 [0, 0, 0, 2]
778 [0, 0, 0, 2]
779 [0, 0, 0, 2]
780 [0, 0, 0, 2]
781 [0, 0, 0, 2]
782 [0, 0, 0, 2]
783 [0, 0, 0, 2]
784 [0, 0, 0, 2]
785 [0, 0, 0, 2]
786 [0, 0, 0, 2]
787 [0, 0, 0, 2]
788 [0, 0, 0, 2, 0]
789 [0, 0, 0, 2, 0]
790 [0, 0, 0, 2, 0]
791 [0, 0, 0, 2, 0]
792 [0, 0, 0, 0, 2]
793 [0, 0, 0, 2, 0]
794 [0, 0, 0, 2]
795 [0, 0, 0, 2]
796 [0, 0, 0, 2]
797 [0, 0, 0, 2]
798 [0, 0, 0, 2]
799 [0, 0, 0, 2]
800 [0, 0, 0, 2]
801 [0, 0, 0, 2]
802 [0, 0, 0, 2]
803 [0, 0, 0, 2]
804 [0, 0, 0, 2]
805 [0, 0, 0, 2]
806 [0, 0, 0, 2]
807 [0, 0, 0, 2]
808 [0, 0, 0, 2]
809 [0, 0, 0, 2]
810 [0, 0, 0, 2]
811 [0, 0, 0, 2]
812 [0, 0, 0, 2]
813 [0, 0, 0, 2]
814 [0, 0, 0, 2]
815 [0, 0, 0, 2]
816 [0, 0, 0, 2]
817 [0, 0, 0, 2]
818 [0, 0, 0, 2]
819 [0, 0, 0, 2]
820 [0, 0, 0, 2]
821 [0, 0, 0, 2]
822 [0, 0, 0, 2]
823 [0, 0, 0, 2]
824 [0, 0, 0, 2]
825 [0, 0, 0, 2]
826 [0, 0, 0, 2]
827 [0, 0, 0, 2]
828 [0, 0, 0, 2]
829 [0, 0, 0, 2]
830 [0, 0, 0, 2]
831 [0, 0, 0, 2]
832 [0, 0, 0, 2]
833 [0, 0, 0, 2]
834 [0, 0, 0, 2]
835 [0, 0, 0, 2]
836 [0, 0, 0, 2]
837 [0, 0, 0, 2]
838 [0, 0, 0, 2]
839 [0, 0, 0, 2]
840 [0, 0, 0, 2]
841 [0, 0, 0, 2]
842 [0, 0, 0, 2]
843 [0, 0, 0, 2]
844 [0, 0, 0, 2]
845 [0, 0, 0, 2]
846 [0, 0, 0, 2]
847 [0, 0, 0, 2]
848 [0, 0, 0, 2]
849 [0, 0, 0, 2]
850 [0, 0, 0, 2]
851 [0, 0, 0, 2]
852 [0, 0, 0, 2]
853 [0, 0, 0, 2]
854 [0, 0, 0, 2]
855 [0, 0, 0, 2]
856 [0, 0, 0, 2]
857 [0, 0, 0, 2]
858 [0, 0, 0, 2]
859 [0, 0, 0, 2]
860 [0, 0, 0, 2]
861 [0, 0, 0, 2]
862 [0, 0, 0, 2]
863 [0, 0, 0, 2]
864 [0, 0, 0, 2]
865 [0, 0, 0, 2]
866 [0, 0, 0, 2]
867 [0, 0, 0, 2]
868 [0, 0, 0, 2]
869 [0, 0, 0, 2]
870 [0, 0, 0, 2]
871 [0, 0, 0, 2]
872 [0, 0, 0, 2]
873 [0, 0, 0, 2]
874 [0, 0, 0, 2]
875 [0, 0, 0, 2]
876 [0, 0, 0, 2]
877 [0, 0, 0, 2]
878 [0, 0, 0, 2]
879 [0, 0, 0, 2]
880 [0, 0, 0, 2]
881 [0, 0, 0, 2]
882 [0, 0, 0, 2]
883 [0, 0, 0, 2, 0]
1 []
2 [2]
3 [2]
4 [2]
5 [2]
6 [2]
7 [2]
8 [2]
9 [2]
10 [2]
11 [2]
12 [2]
13 [2]
14 [2]
15 [2]
16 [2]
17 [2]
18 [2]
19 [2]
20 [2]
21 [2]
22 [2]
23 [2]
24 [2]
25 [2]
26 [2]
27 [2]
28 [2]
29 [2]
30 [2]
31 [2]
32 [2]
33 [2]
34 []
35 []
36 []
37 [2]
38 [2]
39 [2]
40 [2]
41 [2]
42 [2]
43 [2]
44 [2]
45 [2]
46 [2]
47 [2]
48 [2]
49 []
50 []
51 []
52 [2]
53 [2]
54 [2]
55 [2]
56 []
57 []
58 []
59 [2]
60 [2]
61 [2]
62 [2]
63 [2]
64 [2]
65 [2]
66 [2]
67 []
68 []
69 []
70 []
71 []
72 []
73 []
74 []
75 []
76 []
77 []
78 []
79 []
80 []
81 []
82 []
83 []
84 []
85 []
86 []
87 []
88 []
89 []
90 []
91 []
92 []
93 [2]
94 []
95 []
96 []
97 []
98 []
99 []
100 []
101 [2]
102 [2]
103 [2]
104 [2]
105 [2]
106 [2]
107 [2]
108 [2]
109 [2]
110 [2]
111 [2]
112 [2]
113 [2]
114 [2]
115 [2]
116 [2]
117 [2]
118 [2]
119 [2]
120 [2]
121 [2]
122 [2]
123 [2]
124 [2]
125 [2]
126 [2]
127 [2]
128 [2]
129 [2]
130 [2]
131 [2]
132 [2]
133 [2]
134 [2]
135 [2]
136 [2]
137 [2]
138 [2]
139 [2]
140 [2]
141 [2]
142 [2]
143 [2]
144 [2]
145 [2]
146 [2]
147 [2]
148 [2]
149 [2]
150 [2]
151 [2]
152 [2]
153 [2]
154 [2]
155 [2]
156 [2]
157 [2]
158 [2]
159 [2]
160 [2]
161 [2]
162 [2]
163 [2]
164 [2]
165 [2]
166 [2]
167 [2]
168 []
169 []
170 [2]
171 [2]
172 [2]
173 [2]
174 [2]
175 [2]
176 [2]
177 [2]
178 []
179 []
180 [2]
181 [2]
182 [2]
183 [2]
184 [2]
185 [2]
186 [2]
187 [2]
188 [2]
189 [2]
190 [2]
191 [2]
192 [2]
193 [2]
194 [2]
195 [2]
196 [2]
197 [2]
198 [2]
199 [2]
200 [2]
201 [2]
202 [2]
203 []
204 []
205 []
206 []
207 []
208 []
209 []
210 [2]
211 [2]
212 [2]
213 [2]
214 [2]
215 [2]
216 [2]
217 [2]
218 [2]
219 [2]
220 [2]
221 [2]
222 [2]
223 [2]
224 [2]
225 [2]
226 [2]
227 [2]
228 [2]
229 [2]
230 [2]
231 [2]
232 [2]
233 [2]
234 [2]
235 [2]
236 [2]
237 [2]
238 [2]
239 [2]
240 [2]
241 [2]
242 [2]
243 [2]
244 [2]
245 [2]
246 [2]
247 [2]
248 [2]
249 [2]
250 [2]
251 [2]
252 [2]
253 [2]
254 [2]
255 [2]
256 [2]
257 [2]
258 [2]
259 [2]
260 [2]
261 [2]
262 [2]
263 [2]
264 [2]
265 [2]
266 [2]
267 [2]
268 [2]
269 [2]
270 [2]
271 [2]
272 [2]
273 [2]
274 [2]
275 [2]
276 [2]
277 [2]
278 [2]
279 [2]
280 [2]
281 [2]
282 [2]
283 [2]
284 [2]
285 [2]
286 [2]
287 [2]
288 [2]
289 [2]
290 [2]
291 [2]
292 [2]
293 [2]
294 [2]
295 [2]
296 [2]
297 [2]
298 [2]
299 [2]
300 []
301 []
302 []
303 [2]
304 [2]
305 [2]
306 [2]
307 [2]
308 []
309 []
310 []
311 []
312 [2]
313 [2]
314 [2]
315 [2]
316 [2]
317 [2]
318 [2]
319 []
320 []
321 [2]
322 [2]
323 []
324 []
325 []
326 [2]
327 [2]
328 [2]
329 [2]
330 [2]
331 []
332 []
333 []
334 []
335 []
336 []
337 []
338 []
339 []
340 []
341 []
342 []
343 []
344 []
345 []
346 []
347 []
348 []
349 []
350 []
351 [2]
352 []
353 []
354 [2]
355 [2]
356 [2]
357 [2]
358 []
359 []
360 []
361 [2]
362 [2]
363 [2]
364 [2]
365 [2]
366 [2]
367 [2]
368 [2]
369 [2]
370 [2]
371 [2]
372 [2]
373 [2]
374 [2]
375 [2]
376 [2]
377 [2]
378 [2]
379 [2]
380 [2]
381 [2]
382 [2]
383 [2]
384 [2]
385 [2]
386 [2]
387 [2]
388 [2]
389 [2]
390 [2]
391 [2]
392 [2]
393 [2]
394 [2]
395 [2]
396 [2]
397 [2]
398 [2]
399 [2]
400 []
401 []
402 []
403 []
404 []
405 []
406 []
407 []
408 []
409 []
410 []
411 []
412 []
413 []
414 []
415 []
416 []
417 []
418 []
419 []
420 []
421 []
422 []
423 []
424 []
425 []
426 []
427 []
428 []
429 []
430 []
431 []
432 []
433 []
434 []
435 []
436 []
437 []
438 []
439 []
440 []
441 []
442 []
443 []
444 []
445 []
446 []
447 []
448 []
449 []
450 []
451 []
452 []
453 []
454 []
455 []
456 []
457 []
458 []
459 []
460 []
461 []
462 []
463 []
464 []
465 []
466 []
467 []
468 []
469 []
470 [2]
471 [2]
472 [2]
473 [2]
474 [2]
475 [2]
476 [2]
477 [2]
478 []
479 []
480 []
481 []
482 []
483 []
484 []
485 []
486 []
487 []
488 []
489 []
490 []
491 []
492 []
493 []
494 []
495 []
496 []
497 []
498 []
499 []
500 []
501 [2]
502 [2]
503 [2]
504 [2]
505 [2]
506 [2]
507 [2]
508 [2]
509 [2]
510 [2]
511 [2]
512 [2]
513 [2]
514 [2]
515 [2]
516 [2]
517 [2]
518 [2]
519 [2]
520 [2]
521 [2]
522 [2]
523 [2]
524 [2]
525 [2]
526 [2]
527 [2]
528 [2]
529 [2]
530 [2]
531 [2]
532 [2]
533 [2]
534 [2]
535 [2]
536 [2]
537 [2]
538 [2]
539 [2]
540 [2]
541 [2]
542 [2]
543 [2]
544 [2]
545 [2]
546 [2]
547 [2]
548 [2]
549 [2]
550 []
551 []
552 []
553 []
554 []
555 []
556 []
557 []
558 []
559 []
560 []
561 []
562 []
563 []
564 []
565 []
566 []
567 []
568 []
569 []
570 []
571 []
572 []
573 []
574 []
575 []
576 []
577 []
578 []
579 []
580 []
581 []
582 []
583 []
584 []
585 []
586 []
587 []
588 []
589 []
590 []
591 []
592 []
593 []
594 []
595 []
596 []
597 []
598 []
599 []
600 []
601 [2]
602 [2]
603 []
604 []
605 []
606 []
607 []
608 []
609 []
610 []
611 []
612 []
613 []
614 []
615 []
616 [2]
617 [2]
618 [2]
619 []
620 []
621 []
622 []
623 []
624 []
625 []
626 []
627 []
628 []
629 []
630 []
631 []
632 []
633 []
634 []
635 []
636 [2]
637 [2]
638 [2]
639 [2]
640 [2]
641 [2]
642 [2]
643 [2]
644 [2]
645 [2]
646 []
647 []
648 []
649 []
650 []
651 []
652 []
653 []
654 []
655 []
656 []
657 []
658 []
659 []
660 []
661 []
662 []
663 []
664 []
665 []
666 []
667 []
668 []
669 []
670 []
671 []
672 []
673 []
674 []
675 []
676 []
677 []
678 []
679 []
680 []
681 []
682 []
683 []
684 []
685 []
686 []
687 []
688 []
689 []
690 []
691 []
692 []
693 []
694 []
695 []
696 []
697 []
698 []
699 []
700 []
701 [2]
702 []
703 []
704 []
705 []
706 []
707 []
708 []
709 []
710 []
711 []
712 []
713 []
714 []
715 []
716 []
717 []
718 []
719 [2]
720 [2]
721 [2]
722 [2]
723 [2]
724 [2]
725 [2]
726 [2]
727 [2]
728 [2]
729 [2]
730 [2]
731 [2]
732 [2]
733 [2]
734 [2]
735 [2]
736 [2]
737 []
738 []
739 []
740 []
741 []
742 []
743 []
744 []
745 []
746 [2]
747 []
748 []
749 []
750 []
751 []
752 []
753 []
754 []
755 []
756 []
757 []
758 []
759 []
760 []
761 []
762 []
763 []
764 []
765 []
766 []
767 []
768 []
769 []
770 []
771 []
772 []
773 []
774 []
775 []
776 []
777 []
778 []
779 []
780 []
781 []
782 []
783 []
784 []
785 []
786 []
787 []
788 []
789 []
790 []
791 []
792 []
793 []
794 []
795 []
796 []
797 []
798 []
799 []
800 []
801 [2]
802 [2]
803 [2]
804 [2]
805 [2]
806 [2]
807 [2]
808 [2]
809 [2]
810 [2]
811 [2]
812 [2]
813 [2]
814 [2]
815 [2]
816 [2]
817 [2]
818 [2]
819 [2]
820 [2]
821 [2]
822 [2]
823 [2]
824 [2]
825 [2]
826 [2]
827 [2]
828 [2]
829 [2]
830 [2]
831 [2]
832 [2]
833 [2]
834 [2]
835 [2]
836 [2]
837 [2]
838 [2]
839 [2]
840 [2]
841 [2]
842 [2]
843 [2]
844 [2]
845 [2]
846 [2]
847 [2]
848 [2]
849 [2]
850 [2]
851 [2]
852 [2]
853 [2]
854 [2]
855 [2]
856 [2]
857 [2]
858 [2]
859 [2]
860 [2]
861 [2]
862 [2]
863 [2]
864 [2]
865 [2]
866 [2]
867 [2]
868 [2]
869 [2]
870 [2]
871 [2]
872 [2]
873 [2]
874 [2]
875 []
876 []
877 []
878 [2]
879 [2]
880 []
881 []
882 []
883 [2]
884 [2]
885 [2]
886 [2]
887 []
888 []
889 [2]
890 [2]
891 []
892 []
893 []
894 []
895 []
896 []
897 []
898 []
899 []
900 []
901 [2]
902 [2]
903 [2]
904 [2]
905 []
906 []
907 [2]
908 [2]
909 [2]
910 [2]
911 [2]
912 [2]
913 [2]
914 [2]
915 [2]
916 [2]
917 [2]
918 []
919 []
920 [2]
921 [2]
922 [2]
923 [2]
924 [2]
925 [2]
926 [2]
927 [2]
928 [2]
929 [2]
930 [2]
931 [2]
932 [2]
933 []
934 []
935 []
936 []
937 []
938 []
939 []
940 []
941 [2]
942 [2]
943 [2]
944 [2]
945 [2]
946 [2]
947 [2]
948 [2]
949 [2]
950 []
951 []
952 []
953 []
954 []
955 []
956 []
957 []
958 []
959 []
960 []
961 []
962 []
963 []
964 []
965 []
966 []
967 []
968 []
969 []
970 []
971 [2]
972 []
973 []
974 []
975 []
976 []
977 []
978 []
979 [2]
980 [2]
981 [2]
982 [2]
983 [2]
984 []
985 []
986 [2]
987 [2]
988 [2]
989 []
990 []
991 []
992 []
993 []
994 []
995 []
996 [2]
997 [2]
998 [2]
999 [2]
1000 [2]
1001 [2]
1002 [2]
1003 []
1004 []
1005 [2]
1006 [2]
1007 [2]
1008 [2]
1009 [2]
1010 [2]
1011 [2]
1012 [2]
1013 [2]
1014 [2]
1015 [2]
1016 [2]
1017 [2]
1018 [2]
1019 [2]
1020 [2]
1021 [2]
1022 [2]
1023 [2]
1024 [2]
1025 [2]
1026 [2]
1027 [2]
1028 [2]
1029 [2]
1030 []
1031 []
1032 []
1033 []
1034 []
1035 [2]
1036 [2]
1037 [2]
1038 [2]
1039 [2]
1040 []
1041 []
1042 []
1043 []
1044 []
1045 []
1046 []
1047 []
1048 []
1049 []
1050 []
1051 [2]
1052 [2]
1053 [2]
1054 [2]
1055 [2]
1056 [2]
1057 [2]
1058 [2]
1059 [2]
1060 [2]
1061 [2]
1062 [2]
1063 [2]
1064 []
1065 []
1066 []
1067 []
1068 []
1069 []
1070 []
1071 []
1072 []
1073 [2]
1074 [2]
1075 [2]
1076 [2]
1077 [2]
1078 []
1079 []
1080 [2]
1081 [2]
1082 [2]
1083 [2]
1084 [2]
1085 [2]
1086 [2]
1087 [2]
1088 [2]
1089 [2]
1090 [2]
1091 []
1092 []
1093 []
1094 []
1095 [2]
1096 [2]
1097 [2]
1098 [2]
1099 [2]
1100 []
1101 []
1102 []
1103 []
1104 []
1105 []
1106 []
1107 []
1108 []
1109 []
1110 []
1111 []
1112 []
1113 []
1114 []
1115 []
1116 []
1117 []
1118 []
1119 []
1120 []
1121 []
1122 []
1123 []
1124 []
1125 []
1126 []
1127 []
1128 []
1129 []
1130 []
1131 []
1132 []
1133 []
1134 []
1135 []
1136 []
1137 []
1138 []
1139 []
1140 []
1141 []
1142 []
1143 []
1144 []
1145 []
1146 []
1147 []
1148 []
1149 []
1150 []
1151 []
1152 []
1153 []
1154 []
1155 []
1156 []
1157 []
1158 []
1159 []
1160 []
1161 []
1162 []
1163 []
1164 []
1165 []
1166 []
1167 []
1168 []
1169 []
1170 []
1171 []
1172 []
1173 []
1174 []
1175 []
1176 []
1177 []
1178 [2]
1179 [2]
1180 [2]
1181 [2]
1182 []
1183 []
1184 []
1185 []
1186 [2]
1187 [2]
1188 []
1189 []
1190 []
1191 []
1192 []
1193 []
1194 []
1195 []
1196 []
1197 []
1198 []
1199 []
1200 []
1201 [2]
1202 [2]
1203 [2]
1204 [2]
1205 []
1206 []
1207 []
1208 []
1209 []
1210 [2]
1211 [2]
1212 [2]
1213 [2]
1214 [2]
1215 [2]
1216 [2]
1217 [2]
1218 [2]
1219 [2]
1220 []
1221 [67]
1222 [67]
1223 [67]
1224 []
1225 []
1226 [67]
1227 [67]
1228 []
1229 [2]
1230 [2]
1231 [2]
1232 [2]
1233 [2]
1234 [2]
1235 [2]
1236 [2]
1237 [2]
1238 [2]
1239 [2]
1240 [2]
1241 [2]
1242 [2]
1243 [2]
1244 [2]
1245 [2]
1246 [2]
1247 [2]
1248 [2]
1249 [2]
1250 [2]
1251 [2, 2]
1252 [2]
1253 [2]
1254 [2, 2]
1255 [2, 2]
1256 [2, 2]
1257 [2, 2]
1258 [2, 2]
1259 [2, 2]
1260 [2, 2]
1261 [2, 2]
1262 [2, 2]
1263 [2, 2]
1264 [2, 2]
1265 [2, 2]
1266 [2, 2]
1267 [2]
1268 [2]
1269 [2]
1270 [2]
1271 [2]
1272 [2]
1273 [2]
1274 [2]
1275 [2]
1276 [2]
1277 [2]
1278 [2]
1279 [2]
1280 [2]
1281 [2]
1282 [2]
1283 [2]
1284 [2]
1285 [2]
1286 [2]
1287 [2]
1288 [2]
1289 [2]
1290 [2]
1291 [2]
1292 [2]
1293 [2]
1294 [2]
1295 [2]
1296 [2]
1297 [2]
1298 [2]
1299 [2]
1300 [2]
1301 [2]
1302 [2]
1303 [2]
1304 [2]
1305 [2]
1306 [2]
1307 [2]
1308 [2]
1309 [2]
1310 [2]
1311 [2]
1312 [2]
1313 [2]
1314 [2]
1315 [2]
1316 [2]
1317 [2]
1318 [2]
1319 [2]
1320 [2]
1321 [2]
1322 [2]
1323 [2]
1324 [2]
1325 [2]
1326 [2]
1327 [2]
1328 [2]
1329 [2]
1330 [2]
1331 [2]
1332 [2]
1333 [2]
1334 [2]
1335 [2]
1336 [2]
1337 [2]
1338 [2]
1339 [2]
1340 [2]
1341 [2]
1342 [2]
1343 [2]
1344 [2]
1345 [2]
1346 [2]
1347 [2]
1348 [2]
1349 [2]
1350 [2]
1351 [2]
1352 [2]
1353 [2]
1354 [2]
1355 [2]
1356 [2]
1357 [2]
1358 [2]
1359 [2]
1360 [2]
1361 [2]
1362 [2]
1363 [2]
1364 [2]
1365 [2]
1366 [2]
1367 [2]
1368 [2]
1369 [2]
1370 [2]
1371 [2]
1372 [2]
1373 [2, 2]
1374 [2, 2]
1375 [2, 2]
1376 [2, 2]
1377 [2, 2]
1378 [2]
1379 []
1380 []
1381 []
1382 []
1383 []
1384 []
1385 []
1386 []
1387 []
1388 []
1389 []
1390 []
1391 []
1392 []
1393 []
1394 []
1395 []
1396 []
1397 []
1398 []
1399 []
1400 [2]
1401 [2]
1402 [2]
1403 [2]
1404 [2]
1405 [2]
1406 [2]
1407 [2]
1408 [2]
1409 [2]
1410 [2]
1411 [2]
1412 [2]
1413 [2]
1414 [2]
1415 [2]
1416 [2]
1417 [2]
1418 [2]
1419 [2]
1420 [2]
1421 [2]
1422 [2]
1423 [2]
1424 [2]
1425 [2]
1426 [2]
1427 [2]
1428 [2]
1429 [2]
1430 [2]
1431 [2]
1432 [2]
1433 [2]
1434 [2]
1435 [2]
1436 [2]
1437 [2]
1438 [2]
1439 [2]
1440 [2]
1441 [2]
1442 [2]
1443 [2]
1444 [2]
1445 [2]
1446 [2]
1447 [2]
1448 [2]
1449 [2]
1450 [2]
1451 [2]
1452 [2]
1453 [2]
1454 [2]
1455 [2]
1456 [2]
1457 [2]
1458 [2]
1459 [2]
1460 [2]
1461 [2]
1462 [2]
1463 [2]
1464 [2]
1465 [2]
1466 [2]
1467 [2]
1468 [2]
1469 [2]
1470 [2]
1471 [2]
1472 [2]
1473 [2]
1474 [2]
1475 [2]
1476 [2]
1477 [2]
1478 [2]
1479 [2]
1480 [2]
1481 [2]
1482 [2]
1483 [2]
1484 [2]
1485 [2]
1486 [2]
1487 [2]
1488 [2]
1489 [2]
1490 [2]
1491 [2]
1492 [2]
1493 [2]
1494 [2]
1495 [2]
1496 [2]
1497 [2]
1498 [2]
1499 [2]
1500 [2]
1501 [2]
1502 [2]
1503 [2]
1504 [2]
1505 [2]
1506 [2]
1507 [2]
1508 [2]
1509 [2]
1510 [2]
1511 [2]
1512 [2]
1513 [2]
1514 [2]
1515 [2]
1516 [2]
1517 [2]
1518 [2]
1519 [2]
1520 [2]
1521 [2]
1522 [2]
1523 [2]
1524 [2]
1525 [2]
1526 [2]
1527 [2]
1528 [2]
1529 [2]
1530 [2]
1531 [2]
1532 [2]
1533 [2]
1534 [2]
1535 [2]
1536 [2]
1537 [2]
1538 [2]
1539 [2]
1540 [2]
1541 [2]
1542 [2]
1543 [2]
1544 [2]
1545 [2]
1546 [2]
1547 [2]
1548 [2]
1549 [2]
1550 [2]
1551 [2]
1552 [2]
1553 [2]
1554 [2]
1555 [2]
1556 [2]
1557 [2]
1558 [2]
1559 [2]
1560 [2]
1561 [2]
1562 [2]
1563 [2]
1564 [2]
1565 [2]
1566 [2]
1567 [2]
1568 [2]
1569 [2]
1570 [2]
1571 [2]
1572 [2]
1573 [2]
1574 [2]
1575 [2]
1576 [2]
1577 [2]
1578 [2]
1579 [2]
1580 [2]
1581 [2]
1582 [2]
1583 [2]
1584 [2]
1585 [2]
1586 [2]
1587 [2]
1588 [2]
1589 [2]
1590 [2]
1591 [2]
1592 [2]
1593 [2]
1594 [2]
1595 [2]
1596 [2]
1597 [2]
1598 [2]
1599 [2]
1600 [2]
1601 [2]
1602 [2]
1603 [2]
1604 [2]
1605 [2]
1606 [2]
1607 [2]
1608 [2]
1609 [2]
1610 [2]
1611 [2]
1612 [2]
1613 [2]
1614 [2]
1615 [2]
1616 [2]
1617 [2]
1618 [2]
1619 [2]
1620 [2]
1621 [2]
1622 [2]
1623 [2]
1624 [2]
1625 [2]
1626 [2]
1627 [2]
1628 [2]
1629 []
1630 []
1631 [2]
1632 []
1633 []
1634 []
1635 [2]
1636 [2]
1637 []
1638 []
1639 []
1640 []
1641 []
1642 []
1643 []
1644 []
1645 []
1646 []
1647 []
1648 []
1649 []
1650 []
1651 []
1652 []
1653 []
1654 []
1655 []
1656 []
1657 []
1658 []
1659 []
1660 []
1661 []
1662 []
1663 []
1664 []
1665 []
1666 []
1667 []
1668 []
1669 []
1670 []
1671 []
1672 []
1673 []
1674 []
1675 []
1676 []
1677 []
1678 []
1679 []
1680 []
1681 []
1682 []
1683 []
1684 []
1685 []
1686 []
1687 []
1688 []
1689 []
1690 []
1691 []
1692 []
1693 []
1694 []
1695 []
1696 []
1697 []
1698 []
1699 []
1700 []
1701 []
1702 []
1703 []
1704 []
1705 []
1706 []
1707 []
1708 []
1709 []
1710 []
1711 []
1712 []
1713 []
1714 [2]
1715 [2]
1716 [2]
1717 []
1718 []
1719 []
1720 [2]
1721 []
1722 []
1723 []
1724 []
1725 []
1726 []
1727 []
1728 []
1729 []
1730 []
1731 []
1732 [2]
1733 [2]
1734 [2]
1735 [2]
1736 [2]
1737 [2]
1738 [2]
1739 [2]
1740 [2]
1741 []
1742 []
1743 []
1744 []
1745 []
1746 []
1747 []
1748 []
1749 []
1750 [2]
1751 [2]
1752 [2]
1753 []
1754 []
1755 []
1756 [2]
1757 [2]
1758 [2]
1759 [2]
1760 []
1761 []
1762 [2]
1763 [2]
1764 [2]
1765 []
1766 []
1767 []
1768 []
1769 []
1770 [2]
1771 []
1772 []
1773 []
1774 []
1775 []
1776 []
1777 []
1778 []
1779 []
1780 []
1781 []
1782 []
1783 []
1784 []
1785 []
1786 []
1787 []
1788 []
1789 []
1790 []
1791 []
1792 []
1793 []
1794 []
1795 []
1796 []
1797 []
1798 []
1799 []
1800 []
1801 [2]
1802 [2]
1803 [2]
1804 [2]
1805 [2]
1806 [2]
1807 [2]
1808 []
1809 []
1810 [2]
1811 [2]
1812 [2]
1813 [2]
1814 []
1815 []
1816 []
1817 []
1818 [2]
1819 []
1820 []
1821 []
1822 []
1823 []
1824 []
1825 []
1826 []
1827 []
1828 []
1829 []
1830 []
1831 []
1832 []
1833 []
1834 []
1835 []
1836 []
1837 []
1838 []
1839 []
1840 []
1841 []
1842 []
1843 []
1844 []
1845 []
1846 []
1847 []
1848 []
1849 []
1850 []
1851 []
1852 []
1853 []
1854 []
1855 []
1856 []
1857 []
1858 []
1859 []
1860 []
1861 []
1862 []
1863 []
1864 []
1865 []
1866 []
1867 []
1868 []
1869 []
1870 []
1871 []
1872 []
1873 []
1874 []
1875 []
1876 []
1877 []
1878 []
1879 []
1880 []
1881 []
1882 []
1883 []
1884 []
1885 []
1886 []
1887 []
1888 []
1889 []
1890 []
1891 []
1892 []
1893 []
1894 []
1895 []
1896 []
1897 []
1898 []
1899 []
1900 []
1901 []
1902 []
1903 []
1904 []
1905 []
1906 []
1907 []
1908 []
1909 []
1910 []
1911 []
1912 []
1913 []
1914 []
1915 []
1916 []
1917 []
1918 []
1919 []
1920 []
1921 []
1922 []
1923 []
1924 []
1925 []
1926 []
1927 []
1928 []
1929 []
1930 []
1931 []
1932 []
1933 []
1934 []
1935 []
1936 []
1937 []
1938 []
1939 []
1940 []
1941 []
1942 []
1943 []
1944 []
1945 []
1946 []
1947 []
1948 []
1949 []
1950 []
1951 []
1952 []
1953 []
1954 []
1955 []
1956 []
1957 []
1958 []
1959 []
1960 []
1961 []
1962 []
1963 []
1964 []
1965 []
1966 []
1967 []
1968 []
1969 []
1970 []
1971 []
1972 []
1973 [2]
1974 [2]
1975 [2]
1976 [2]
1977 [2]
1978 [2]
1979 [2]
1980 [2]
1981 [2]
1982 [2]
1983 [2]
1984 [2]
1985 [2]
1986 [2]
1987 [2]
1988 []
1989 []
1990 []
1991 []
1992 []
1993 [2]
1994 [2]
1995 [2]
1996 [2]
1997 []
1998 []
1999 [2]
2000 []
2001 []
2002 []
2003 []
2004 []
2005 []
2006 []
2007 []
2008 []
2009 []
2010 []
2011 []
2012 []
2013 []
2014 []
2015 []
2016 []
2017 []
2018 [2]
2019 [2]
2020 [2]
2021 []
2022 []
2023 []
2024 []
2025 []
2026 []
2027 []
2028 []
2029 []
2030 []
2031 []
2032 []
2033 []
2034 [2]
2035 [2]
2036 []
2037 []
2038 [2]
2039 [2]
2040 [2]
2041 [2]
2042 [2]
2043 [2]
2044 [2]
2045 [2]
2046 [2]
2047 [2]
2048 [2]
2049 [2]
2050 [2]
2051 [2]
2052 [2]
2053 [2]
2054 [2]
2055 [2]
2056 [2]
2057 [2]
2058 [2]
2059 [2]
2060 [2]
2061 [2]
2062 [2]
2063 [2]
2064 [2]
2065 [2]
2066 [2]
2067 [2]
2068 [2]
2069 [2]
2070 [2]
2071 [2]
2072 [2]
2073 [2]
2074 [2]
2075 [2]
2076 [2]
2077 [2]
2078 [2]
2079 [2]
2080 [2]
2081 [2]
2082 [2]
2083 [2]
2084 [2]
2085 [2]
2086 [2]
2087 [2]
2088 [2]
2089 [2]
2090 [2]
2091 [2]
2092 [2]
2093 [2]
2094 [2]
2095 [2]
2096 [2]
2097 [2]
2098 [2]
2099 [2]
2100 [2]
2101 [2]
2102 [2]
2103 [2]
2104 [2]
2105 [2]
2106 [2]
2107 [2]
2108 [2]
2109 [2]
2110 [2]
2111 [2]
2112 [2]
2113 [2]
2114 [2]
2115 [2]
2116 [2]
2117 [2]
2118 [2]
2119 [2]
2120 [2]
2121 [2]
2122 [2]
2123 [2]
2124 [2]
2125 [2]
2126 [2]
2127 [2]
2128 [2]
2129 [2]
2130 [2]
2131 [2]
2132 [2]
2133 [2]
2134 [2]
2135 [2]
2136 [2]
2137 [2]
2138 [2]
2139 [2]
2140 [2]
2141 [2]
2142 [2]
2143 [2]
2144 [2]
2145 [2]
2146 [2]
2147 [2]
2148 [2]
2149 [2]
2150 [2]
2151 [2]
2152 [2]
2153 [2]
2154 [2]
2155 [2]
2156 [2]
2157 [2]
2158 [2]
2159 [2]
2160 [2]
2161 [2]
2162 [2]
2163 [2]
2164 [2]
2165 [2]
2166 [2]
2167 [2]
2168 [2]
2169 [2]
2170 [2]
2171 [2]
2172 [2]
2173 [2]
2174 [2]
2175 [2]
2176 [2]
2177 [2]
2178 [2]
2179 [2]
2180 [2]
2181 [2]
2182 [2]
2183 [2]
2184 [2]
2185 [2]
2186 [2]
2187 [2]
2188 [2]
2189 [2]
2190 [2]
2191 [2]
2192 [2]
2193 [2]
2194 [2]
2195 [2]
2196 [2]
2197 [2]
2198 [2]
2199 [2]
2200 [2]
2201 [2]
2202 [2]
2203 [2]
2204 [2]
2205 [2]
2206 [2]
2207 [2]
2208 [2]
2209 [2]
2210 [2]
2211 [2]
2212 [2]
2213 [2]
2214 [2]
2215 [2]
2216 [2]
2217 [2]
2218 [2]
2219 [2]
2220 [2]
2221 [2]
2222 [2]
2223 [2]
2224 [2]
2225 [2]
2226 [2]
2227 [2]
2228 [2]
2229 [2]
2230 [2]
2231 [2]
2232 [2]
2233 [2]
2234 [2]
2235 [2]
2236 [2]
2237 [2]
2238 [2]
2239 [2]
2240 [2]
2241 [2]
2242 [2]
2243 [2]
2244 [2]
2245 [2]
2246 [2]
2247 [2]
2248 [2]
2249 [2]
2250 [2]
2251 [2]
2252 [2]
2253 [2]
2254 [2]
2255 [2]
2256 [2]
2257 [2]
2258 [2]
2259 [2]
2260 [2]
2261 [2]
2262 [2]
2263 [2]
2264 [2]
2265 [2]
2266 [2]
2267 [2]
2268 [2]
2269 [2]
2270 [2]
2271 [2]
2272 [2]
2273 [2]
2274 [2]
2275 [2]
2276 [2]
2277 [2]
2278 [2]
2279 [2]
2280 [2]
2281 [2]
2282 [2]
2283 [2]
2284 [2]
2285 [2]
2286 [2]
2287 [2]
2288 [2]
2289 [2]
2290 [2]
2291 [2]
2292 [2]
2293 [2]
2294 [2]
2295 [2]
2296 [2]
2297 [2]
2298 [2]
2299 [2]
2300 [2]
2301 [2]
2302 [2]
2303 [2]
2304 [2]
2305 [2]
2306 [2]
2307 [2]
2308 [2]
2309 [2]
2310 [2]
2311 [2]
2312 [2]
2313 [2]
2314 [2]
2315 [2]
2316 [2]
2317 [2]
2318 [2]
2319 [2]
2320 [2]
2321 [2]
2322 [2]
2323 [2]
2324 [2]
2325 [2]
2326 [2]
2327 [2]
2328 [2]
2329 [2]
2330 [2]
2331 [2]
2332 [2]
2333 [2]
2334 [2]
2335 [2]
2336 [2]
2337 [2]
2338 [2]
2339 []
2340 []
2341 []
2342 []
2343 []
2344 [2]
2345 [2]
2346 [2]
2347 [2]
2348 [2]
2349 [2]
2350 [2]
2351 [2]
2352 [2]
2353 [2]
2354 [2]
2355 [2]
2356 [2]
2357 [2]
2358 []
2359 []
2360 []
2361 []
2362 []
2363 []
2364 []
2365 []
2366 []
2367 []
2368 []
2369 []
2370 []
2371 []
2372 []
2373 []
2374 []
2375 [2]
2376 [2]
2377 [2]
2378 [2]
2379 [2]
2380 [2]
2381 [2]
2382 [2]
2383 [2]
2384 []
2385 []
2386 []
2387 []
2388 [2]
2389 [2]
2390 [2]
2391 [2]
2392 []
2393 []
2394 []
2395 [2]
2396 [2]
2397 [2]
2398 [2]
2399 [2]
2400 [2]
2401 [2]
2402 [2]
2403 [2]
2404 [2]
2405 [2]
2406 [2]
2407 [2]
2408 [2]
2409 [2]
2410 [2]
2411 [2]
2412 [2]
2413 [2]
2414 [2]
2415 [2]
2416 [2]
2417 [2]
2418 [2]
2419 [2]
2420 [2]
2421 [2]
2422 [2]
2423 [2]
2424 []
2425 []
2426 []
2427 []
2428 []
2429 []
2430 []
2431 []
2432 []
2433 []
2434 []
2435 []
2436 []
2437 []
2438 []
2439 []
2440 []
2441 []
2442 []
2443 []
2444 []
2445 []
2446 []
2447 []
2448 []
2449 []
2450 []
2451 []
2452 []
2453 []
2454 []
2455 []
2456 []
2457 []
2458 []
2459 []
2460 []
2461 []
2462 []
2463 []
2464 []
2465 []
2466 []
2467 []
2468 []
2469 []
2470 []
2471 []
2472 []
2473 [2]
2474 [2]
2475 [2]
2476 [2]
2477 [2]
2478 [0, 2]
2479 [0, 2]
2480 [2, 0]
2481 [2]
2482 [2]
2483 [2]
2484 [2]
2485 [2]
2486 [2, 0]
2487 [0, 2]
2488 [0, 2]
2489 [0, 2, 2]
2490 [2, 0, 2]
2491 [2, 0, 2]
2492 [2, 0, 2]
2493 [2, 0, 2]
2494 [2, 0, 2]
2495 [2, 2]
2496 [2, 2]
2497 [2, 2]
2498 [2, 2]
2499 [2, 2]
2500 [2, 2]
2501 [2, 2]
2502 [2, 2]
2503 [2, 2]
2504 [2, 2]
2505 [2, 2]
2506 [2, 2]
2507 [2, 2]
2508 [2, 2]
2509 [2]
2510 [2]
2511 [2]
2512 [2, 2]
2513 [2, 2]
2514 [2, 2]
2515 [2, 2]
2516 [2, 2]
2517 [2, 2]
2518 [2, 0, 2]
2519 [2, 2]
2520 [2, 2]
2521 [2, 2]
2522 [2, 2]
2523 [2, 0, 2]
2524 [2, 0, 2]
2525 [0, 2, 2]
2526 [2, 0, 2]
2527 [2, 0]
2528 [2, 0]
2529 [2, 0]
2530 [2, 0]
2531 [2, 0]
2532 [0, 2, 2]
2533 [2, 0, 2]
2534 [2, 0, 2]
2535 [2, 0, 2]
2536 [2, 2]
2537 [2, 2]
2538 [2, 2]
2539 [2, 2]
2540 [2, 2]
2541 [2]
2542 [2]
2543 [2]
2544 [2, 2]
2545 [2, 2]
2546 [2, 2]
2547 [2, 2]
2548 [2, 2]
2549 [2, 2]
2550 [2, 2]
2551 [2, 2]
2552 [2, 2]
2553 [2, 2]
2554 [2, 2]
2555 [2, 2]
2556 [2, 2]
2557 [2, 2]
2558 [2, 2]
2559 [2, 2]
2560 [2, 2]
2561 [2]
2562 [2]
2563 []
2564 []
2565 []
2566 []
2567 [2]
2568 [2]
2569 [2]
2570 []
2571 []
2572 []
2573 []
2574 []
2575 []
2576 []
2577 []
2578 []
2579 []
2580 []
2581 []
2582 []
2583 []
2584 []
2585 []
2586 []
2587 []
2588 []
2589 []
2590 []
2591 []
2592 []
2593 []
2594 []
2595 []
2596 []
2597 []
2598 []
2599 []
2600 []
2601 []
2602 []
2603 []
2604 []
2605 []
2606 []
2607 []
2608 []
2609 []
2610 []
2611 []
2612 []
2613 []
2614 []
2615 []
2616 []
2617 [2]
2618 [2]
2619 [2]
2620 [2]
2621 [2]
2622 [2]
2623 [2]
2624 [2]
2625 [2]
2626 [2]
2627 [2]
2628 []
2629 []
2630 []
2631 []
2632 []
2633 []
2634 []
2635 []
2636 []
2637 []
2638 []
2639 []
2640 []
2641 []
2642 []
2643 []
2644 []
2645 []
2646 [2]
2647 []
2648 []
2649 []
2650 []
2651 []
2652 []
2653 []
2654 []
2655 []
2656 []
2657 []
2658 []
2659 []
2660 []
2661 []
2662 []
2663 []
2664 []
2665 []
2666 []
2667 []
2668 []
2669 []
2670 []
2671 []
2672 []
2673 []
2674 []
2675 []
2676 []
2677 []
2678 []
2679 []
2680 []
2681 []
2682 []
2683 []
2684 []
2685 []
2686 []
2687 []
2688 []
2689 []
2690 []
2691 []
2692 []
2693 []
2694 []
2695 []
2696 []
2697 []
2698 []
2699 []
2700 []
2701 []
2702 []
2703 []
2704 []
2705 []
2706 []
2707 []
2708 []
2709 []
2710 []
2711 []
2712 []
2713 []
2714 []
2715 []
2716 []
2717 []
2718 []
2719 []
2720 []
2721 []
2722 []
2723 []
2724 []
2725 []
2726 []
2727 []
2728 []
2729 []
2730 []
2731 []
2732 []
2733 []
2734 []
2735 []
2736 []
2737 []
2738 []
2739 []
2740 []
2741 []
2742 []
2743 []
2744 []
2745 []
2746 []
2747 []
2748 []
2749 []
2750 []
2751 []
2752 []
2753 []
2754 []
2755 []
2756 []
2757 []
2758 []
2759 []
2760 []
2761 []
2762 []
2763 []
2764 []
2765 []
2766 []
2767 []
2768 []
2769 []
2770 []
2771 []
2772 []
2773 []
2774 []
2775 []
2776 []
2777 []
2778 []
2779 []
2780 []
2781 []
2782 []
2783 []
2784 []
2785 []
2786 []
2787 []
2788 []
2789 []
2790 []
2791 []
2792 []
2793 []
2794 []
2795 []
2796 []
2797 []
2798 []
2799 []
2800 []
2801 []
2802 []
2803 []
2804 []
2805 []
2806 []
2807 []
2808 []
2809 []
2810 []
2811 []
2812 []
2813 []
2814 []
2815 []
2816 []
2817 []
2818 []
2819 []
2820 []
2821 []
2822 []
2823 []
2824 []
2825 []
2826 []
2827 []
2828 []
2829 []
2830 []
2831 []
2832 []
2833 []
2834 []
2835 []
2836 []
2837 []
2838 []
2839 []
2840 []
2841 []
2842 []
2843 []
2844 []
2845 []
2846 []
2847 []
2848 []
2849 []
2850 []
2851 []
2852 []
2853 []
2854 []
2855 []
2856 []
2857 []
2858 []
2859 []
2860 []
2861 []
2862 []
2863 []
2864 []
2865 []
2866 []
2867 []
2868 []
2869 []
2870 []
2871 []
2872 []
2873 []
2874 []
2875 []
2876 []
2877 []
2878 []
2879 []
2880 []
2881 []
2882 []
2883 []
2884 []
2885 []
2886 []
2887 []
2888 []
2889 []
2890 []
2891 []
2892 []
2893 []
2894 []
2895 []
2896 []
2897 []
2898 []
2899 []
2900 []
2901 []
2902 []
2903 []
2904 []
2905 []
2906 []
2907 []
2908 []
2909 []
2910 []
2911 []
2912 []
2913 []
2914 []
2915 []
2916 []
2917 []
2918 []
2919 []
2920 []
2921 []
2922 []
2923 []
2924 []
2925 []
2926 []
2927 []
2928 []
2929 []
2930 []
2931 []
2932 [2]
2933 [2]
2934 []
2935 []
2936 []
2937 []
2938 []
2939 []
2940 []
2941 []
2942 []
2943 []
2944 []
2945 []
2946 [2]
2947 [2]
2948 [2]
2949 [2]
2950 [2]
2951 [2]
2952 [2]
2953 [2]
2954 [2]
2955 [2]
2956 [2]
2957 []
2958 []
2959 []
2960 []
2961 []
2962 []
2963 []
2964 []
2965 []
2966 []
2967 [2]
2968 [2]
2969 []
2970 []
2971 []
2972 []
2973 []
2974 []
2975 []
2976 []
2977 []
2978 []
2979 []
2980 []
2981 []
2982 []
2983 []
2984 []
2985 []
2986 []
2987 [2]
2988 [2]
2989 [2]
2990 [2]
2991 [2]
2992 [2]
2993 [2]
2994 [2]
2995 [2]
2996 [2]
2997 []
2998 []
2999 [2]
3000 []
3001 []
3002 []
3003 []
3004 []
3005 []
3006 []
3007 []
3008 [2]
3009 [2]
3010 [2]
3011 [2]
3012 [2]
3013 [2]
3014 [2]
3015 [2]
3016 [2]
3017 [2]
3018 [2]
3019 [2]
3020 [2]
3021 [2]
3022 [2]
3023 [2]
3024 [2]
3025 [2]
3026 [2]
3027 [2]
3028 [2]
3029 [2]
3030 [2]
3031 [2]
3032 [2]
3033 [2]
3034 [2]
3035 [2]
3036 [2]
3037 [2]
3038 [2]
3039 [2]
3040 [2]
3041 [2]
3042 []
3043 []
3044 []
3045 []
3046 []
3047 []
3048 []
3049 []
3050 []
3051 []
3052 []
3053 []
3054 []
3055 []
3056 []
3057 []
3058 []
3059 []
3060 []
3061 []
3062 []
3063 []
3064 []
3065 []
3066 []
3067 []
3068 []
3069 []
3070 []
3071 []
3072 []
3073 [2]
3074 [2]
3075 [2]
3076 [2]
3077 [2]
3078 [2]
3079 []
3080 []
3081 []
3082 []
3083 []
3084 []
3085 []
3086 []
3087 []
3088 []
3089 []
3090 []
3091 []
3092 []
3093 []
3094 []
3095 []
3096 []
3097 [2]
3098 [2]
3099 [2]
3100 [2]
3101 [2]
3102 [2]
3103 [2]
3104 [2]
3105 [2]
3106 [2]
3107 [2]
3108 [2]
3109 [2]
3110 [2]
3111 [2]
3112 [2]
3113 [2]
3114 [2]
3115 [2]
3116 [2]
3117 [2]
3118 [2]
3119 [2]
3120 [2]
3121 [2]
3122 [2]
3123 [2]
3124 [2]
3125 [2]
3126 [2]
3127 [2]
3128 [2]
3129 [2]
3130 [2]
3131 [2]
3132 [2]
3133 []
3134 []
3135 []
3136 []
3137 []
3138 []
3139 []
3140 []
3141 []
3142 []
3143 []
3144 []
3145 []
3146 []
3147 []
3148 []
3149 []
3150 []
3151 []
3152 []
3153 []
3154 []
3155 []
3156 []
3157 []
3158 []
3159 []
3160 []
3161 []
3162 []
3163 []
3164 []
3165 []
3166 []
3167 []
3168 []
3169 []
3170 []
3171 []
3172 []
3173 []
3174 []
3175 []
3176 []
3177 []
3178 []
3179 []
3180 []
3181 []
3182 []
3183 []
3184 []
3185 []
3186 []
3187 []
3188 []
3189 []
3190 []
3191 []
3192 []
3193 [2]
3194 [2]
3195 [2]
3196 [2]
3197 [2]
3198 [2]
3199 [2]
3200 [2]
3201 [2]
3202 [2]
3203 [2]
3204 [2]
3205 [2]
3206 [2]
3207 [2]
3208 [2]
3209 [2]
3210 [2]
3211 [2]
3212 [2]
3213 [2]
3214 [2]
3215 [2]
3216 [2]
3217 [2]
3218 [2]
3219 []
3220 []
3221 []
3222 []
3223 []
3224 []
3225 []
3226 []
3227 []
3228 []
3229 []
3230 []
3231 []
3232 []
3233 []
3234 []
3235 []
3236 []
3237 []
3238 []
3239 []
3240 []
3241 []
3242 []
3243 []
3244 []
3245 []
3246 []
3247 []
3248 []
3249 []
3250 []
3251 []
3252 []
3253 []
3254 []
3255 []
3256 []
3257 []
3258 []
3259 []
3260 []
3261 []
3262 []
3263 []
3264 []
3265 []
3266 []
3267 []
3268 []
3269 []
3270 []
3271 []
3272 []
3273 []
3274 []
3275 []
3276 []
3277 []
3278 []
3279 []
3280 []
3281 []
3282 []
3283 []
3284 []
3285 []
3286 []
3287 []
3288 []
3289 []
3290 []
3291 []
3292 []
3293 []
3294 []
3295 []
3296 []
3297 []
3298 []
3299 []
3300 []
3301 []
3302 []
3303 []
3304 []
3305 []
3306 []
3307 []
3308 []
3309 []
3310 []
3311 []
3312 []
3313 []
3314 []
3315 []
3316 []
3317 []
3318 []
3319 []
3320 []
3321 []
3322 []
3323 []
3324 []
3325 []
3326 []
3327 []
3328 []
3329 []
3330 []
3331 []
3332 []
3333 []
3334 []
3335 []
3336 []
3337 []
3338 []
3339 []
3340 []
3341 []
3342 []
3343 [2]
3344 [2]
3345 [2]
3346 [2]
3347 [2]
3348 [2]
3349 [2]
3350 [2]
3351 [2]
3352 [2]
3353 [2]
3354 [2]
3355 [2]
3356 [2]
3357 [2]
3358 [2]
3359 [2]
3360 [2]
3361 [2]
3362 [2]
3363 [2]
3364 [2]
3365 []
3366 []
3367 []
3368 []
3369 []
3370 []
3371 []
3372 []
3373 []
3374 []
3375 []
3376 []
3377 []
3378 []
3379 []
3380 []
3381 []
3382 []
3383 []
3384 []
3385 []
3386 []
3387 []
3388 []
3389 []
3390 []
3391 []
3392 []
3393 [2]
3394 [2]
3395 [2]
3396 [2]
3397 [2]
3398 [2]
3399 [2]
3400 [2]
3401 []
3402 []
3403 []
3404 []
3405 []
3406 [2]
3407 [2]
3408 [2]
3409 [2]
3410 [2]
3411 [2]
3412 [2]
3413 [2]
3414 [2]
3415 [2]
3416 [2]
3417 [2]
3418 [2]
3419 [2]
3420 [2]
3421 [2]
3422 [2]
3423 [2]
3424 [2]
3425 [2]
3426 [2]
3427 [2]
3428 [2]
3429 [2]
3430 [2]
3431 [2]
3432 [2]
3433 [2]
3434 [2]
3435 [2]
3436 [2]
3437 [2]
3438 [2]
3439 [2]
3440 [2]
3441 [2]
3442 []
3443 []
3444 []
3445 []
3446 []
3447 []
3448 []
3449 []
3450 []
3451 []
3452 []
3453 []
3454 []
3455 []
3456 []
3457 []
3458 []
3459 []
3460 []
3461 []
3462 []
3463 []
3464 []
3465 []
3466 []
3467 []
3468 []
3469 []
3470 []
3471 []
3472 []
3473 []
3474 []
3475 []
3476 []
3477 []
3478 []
3479 []
3480 []
3481 []
3482 []
3483 []
3484 []
3485 []
3486 []
3487 []
3488 []
3489 []
3490 []
3491 []
3492 []
3493 [2]
3494 [2]
3495 [2]
3496 [2]
3497 [2]
3498 [2]
3499 [2]
3500 [2]
3501 [2]
3502 []
3503 []
3504 []
3505 []
3506 []
3507 []
3508 []
3509 []
3510 []
3511 []
3512 []
3513 []
3514 []
3515 []
3516 []
3517 []
3518 []
3519 []
3520 []
3521 []
3522 []
3523 []
3524 []
3525 []
3526 []
3527 []
3528 []
3529 []
3530 []
3531 []
3532 []
3533 []
3534 []
3535 []
3536 []
3537 []
3538 []
3539 []
3540 []
3541 []
3542 []
3543 []
3544 []
3545 []
3546 []
3547 []
3548 []
3549 []
3550 []
3551 []
3552 []
3553 []
3554 []
3555 []
3556 []
3557 []
3558 []
3559 []
3560 []
3561 []
3562 []
3563 []
3564 []
3565 []
3566 []
3567 []
3568 []
3569 []
3570 []
3571 []
3572 []
3573 []
3574 []
3575 []
3576 []
3577 []
3578 []
3579 []
3580 []
3581 []
3582 []
3583 []
3584 []
3585 []
3586 []
3587 []
3588 []
3589 []
3590 []
3591 []
3592 []
3593 []
3594 []
3595 []
3596 []
3597 []
3598 []
3599 []
3600 []
3601 []
3602 []
3603 []
3604 []
3605 []
3606 []
3607 []
3608 []
3609 []
3610 []
3611 []
3612 []
3613 []
3614 []
3615 []
3616 []
3617 []
3618 []
3619 []
3620 []
3621 []
3622 []
3623 []
3624 []
3625 []
3626 []
3627 []
3628 []
3629 []
3630 []
3631 []
3632 []
3633 []
3634 []
3635 []
3636 []
3637 []
3638 []
1 []
2 [2]
3 [2]
4 [2]
5 [2]
6 [2]
7 [2]
8 [2]
9 [2]
10 [2]
11 [2]
12 [2]
13 [2]
14 [2]
15 [2]
16 [2]
17 [2]
18 [2]
19 [2]
20 [2]
21 [2]
22 [2]
23 [2]
24 [2]
25 [2]
26 [2]
27 [2]
28 [2]
29 [2]
30 [2]
31 [2]
32 [2]
33 [2]
34 []
35 []
36 []
37 [2]
38 [2]
39 [2]
40 [2]
41 [2]
42 [2]
43 [2]
44 [2]
45 [2]
46 [2]
47 [2]
48 [2]
49 []
50 []
51 []
52 [2]
53 [2]
54 [2]
55 [2]
56 []
57 []
58 []
59 [2]
60 [2]
61 [2]
62 [2]
63 [2]
64 [2]
65 [2]
66 [2]
67 []
68 []
69 []
70 []
71 []
72 []
73 []
74 []
75 []
76 []
77 []
78 []
79 []
80 []
81 []
82 []
83 []
84 []
85 []
86 []
87 []
88 []
89 []
90 []
91 []
92 []
93 [2]
94 []
95 []
96 []
97 []
98 []
99 []
100 []
101 [2]
102 [2]
103 [2]
104 [2]
105 [2]
106 [2]
107 [2]
108 [2]
109 [2]
110 [2]
111 [2]
112 [2]
113 [2]
114 [2]
115 [2]
116 [2]
117 [2]
118 [2]
119 [2]
120 [2]
121 [2]
122 [2]
123 [2]
124 [2]
125 [2]
126 [2]
127 [2]
128 [2]
129 [2]
130 [2]
131 [2]
132 [2]
133 [2]
134 [2]
135 [2]
136 [2]
137 [2]
138 [2]
139 [2]
140 [2]
141 [2]
142 [2]
143 [2]
144 [2]
145 [2]
146 [2]
147 [2]
148 [2]
149 [2]
150 [2]
151 [2]
152 [2]
153 [2]
154 [2]
155 [2]
156 [2]
157 [2]
158 [2]
159 [2]
160 [2]
161 [2]
162 [2]
163 [2]
164 [2]
165 [2]
166 [2]
167 [2]
168 []
169 []
170 [2]
171 [2]
172 [2]
173 [2]
174 [2]
175 [2]
176 [2]
177 [2]
178 []
179 []
180 [2]
181 [2]
182 [2]
183 [2]
184 [2]
185 [2]
186 [2]
187 [2]
188 [2]
189 [2]
190 [2]
191 [2]
192 [2]
193 [2]
194 [2]
195 [2]
196 [2]
197 [2]
198 [2]
199 [2]
200 [2]
201 [2]
202 [2]
1 []
2 [2]
3 [2]
4 [2]
5 [2]
6 [2]
7 [2]
8 [2]
9 [2]
10 [2]
11 [2]
12 [2]
13 [2]
14 [2]
15 [2]
16 [2]
17 [2]
18 [2]
19 [2]
20 [2]
21 [2]
22 [2]
23 [2]
24 [2]
25 [2]
26 [2]
27 [2]
28 [2]
29 [2]
30 [2]
31 [2]
32 [2]
33 [2]
34 []
35 []
36 []
37 [2]
38 [2]
39 [2]
40 [2]
41 [2]
42 [2]
43 [2]
44 [2]
45 [2]
46 [2]
47 [2]
48 [2]
49 []
50 []
51 []
52 [2]
53 [2]
54 [2]
55 [2]
56 []
1 []
2 [2]
3 [2]
4 [2]
5 [2]
6 [2]
7 [2]
8 [2]
9 [2]
10 [2]
11 [2]
12 [2]
13 [2]
14 [2]
15 [2]
16 [2]
17 [2]
18 [2]
19 [2]
20 [2]
21 [2]
22 [2]
23 [2]
24 [2]
25 [2]
26 [2]
27 [2]
28 [2]
29 [2]
30 [2]
31 [2]
32 [2]
33 [2]
34 []
35 []
36 []
37 [2]
38 [2]
39 [2]
40 [2]
41 [2]
42 [2]
43 [2]
44 [2]
45 [2]
46 [2]
47 [2]
48 [2]
49 []
50 []
51 []
52 [2]
53 [2]
54 [2]
55 [2]
56 []
57 []
58 []
59 [2]
60 [2]
61 [2]
62 [2]
63 [2]
64 [2]
65 [2]
66 [2]
67 []
68 []
69 []
70 []
71 []
72 []
73 []
74 []
75 []
76 []
77 []
78 []
79 []
80 []
1 []
2 [2]
3 [2]
4 [2]
5 [2]
6 [2]
7 [2]
8 [2]
9 [2]
10 [2]
11 [2]
12 [2]
13 [2]
14 [2]
15 [2]
16 [2]
17 [2]
18 [2]
19 [2]
20 [2]
21 [2]
22 [2]
23 [2]
24 [2]
25 [2]
26 [2]
27 [2]
28 [2]
29 [2]
30 [2]
31 [2]
32 [2]
33 [2]
34 []
35 []
36 []
37 [2]
38 [2]
39 [2]
40 [2]
41 [2]
42 [2]
43 [2]
44 [2]
45 [2]
46 [2]
47 [2]
48 [2]
49 []
50 []
51 []
52 [2]
53 [2]
54 [2]
55 [2]
56 []
57 []
58 []
59 [2]
60 [2]
61 [2]
62 [2]
63 [2]
64 [2]
65 [2]
66 [2]
67 []
68 []
69 []
70 []
71 []
72 []
73 []
74 []
75 []
76 []
77 []
78 []
79 []
80 []
81 []
82 []
83 []
84 []
85 []
86 []
87 []
88 []
89 []
90 []
91 []
92 []
93 [2]
94 []
95 []
96 []
97 []
98 []
99 []
100 []
101 [2]
102 [2]
103 [2]
104 [2]
105 [2]
106 [2]
107 [2]
108 [2]
109 [2]
110 [2]
111 [2]
112 [2]
113 [2]
114 [2]
115 [2]
116 [2]
117 [2]
118 [2]
119 [2]
120 [2]
121 [2]
122 [2]
123 [2]
124 [2]
125 [2]
126 [2]
127 [2]
128 [2]
129 [2]
130 [2]
131 [2]
132 [2]
133 [2]
134 [2]
135 [2]
136 [2]
137 [2]
138 [2]
139 [2]
140 [2]
141 [2]
142 [2]
143 [2]
144 [2]
145 [2]
146 [2]
147 [2]
148 [2]
149 [2]
150 [2]
151 [2]
152 [2]
153 [2]
154 [2]
155 [2]
156 [2]
157 [2]
158 [2]
159 [2]
160 [2]
161 [2]
162 [2]
163 [2]
164 [2]
165 [2]
166 [2]
167 [2]
168 []
169 []
170 [2]
171 [2]
172 [2]
173 [2]
174 [2]
175 [2]
176 [2]
177 [2]
178 []
179 []
180 [2]
181 [2]
182 [2]
183 [2]
184 [2]
185 [2]
186 [2]
187 [2]
188 [2]
189 [2]
190 [2]
191 [2]
192 [2]
193 [2]
194 [2]
195 [2]
196 [2]
197 [2]
198 [2]
199 [2]
200 [2]
201 [2]
202 [2]
203 []
204 []
205 []
206 []
207 []
1 []
2 [2]
3 [2]
4 [2]
5 [2]
6 [2]
7 [2]
8 [2]
9 [2]
10 [2]
11 [2]
12 [2]
13 [2]
14 [2]
15 [2]
16 [2]
17 [2]
18 [2]
19 [2]
20 [2]
21 [2]
22 [2]
23 [2]
24 [2]
25 [2]
26 [2]
27 [2]
28 [2]
29 [2]
30 [2]
31 [2]
32 [2]
33 [2]
34 []
35 []
36 []
37 [2]
38 [2]
39 [2]
40 [2]
41 [2]
42 [2]
43 [2]
44 [2]
45 [2]
46 [2]
47 [2]
48 [2]
49 []
50 []
51 []
52 [2]
53 [2]
54 [2]
55 [2]
56 []
1 []
2 [2]
3 [2]
4 [2]
5 [2]
6 [2]
7 [2]
8 [2]
9 [2]
10 [2]
11 [2]
12 [2]
13 [2]
14 [2]
15 [2]
16 [2]
17 [2]
18 [2]
19 [2]
20 [2]
21 [2]
22 [2]
23 [2]
24 [2]
25 [2]
26 [2]
27 [2]
28 [2]
29 [2]
30 [2]
31 [2]
32 [2]
33 [2]
34 []
35 []
36 []
37 [2]
38 [2]
39 [2]
40 [2]
41 [2]
42 [2]
43 [2]
44 [2]
45 [2]
46 [2]
47 [2]
48 [2]
49 []
50 []
51 []
52 [2]
53 [2]
54 [2]
55 [2]
56 []
57 []
58 []
59 [2]
60 [2]
61 [2]
62 [2]
63 [2]
64 [2]
65 [2]
66 [2]
67 []
68 []
69 []
70 []
71 []
72 []
73 []
74 []
75 []
76 []
77 []
78 []
79 []
80 []
81 []
82 []
83 []
84 []
85 []
86 []
87 []
88 []
89 []
90 []
91 []
92 []
93 [2]
94 []
95 []
96 []
97 []
98 []
99 []
100 []
101 [2]
102 [2]
103 [2]
104 [2]
105 [2]
106 [2]
107 [2]
108 [2]
109 [2]
110 [2]
111 [2]
112 [2]
113 [2]
114 [2]
115 [2]
116 [2]
117 [2]
118 [2]
119 [2]
120 [2]
121 [2]
122 [2]
123 [2]
124 [2]
125 [2]
126 [2]
127 [2]
128 [2]
129 [2]
130 [2]
131 [2]
132 [2]
133 [2]
134 [2]
135 [2]
136 [2]
137 [2]
138 [2]
139 [2]
140 [2]
141 [2]
142 [2]
143 [2]
144 [2]
145 [2]
146 [2]
147 [2]
148 [2]
149 [2]
150 [2]
151 [2]
152 [2]
153 [2]
154 [2]
155 [2]
156 [2]
157 [2]
158 [2]
159 [2]
160 [2]
161 [2]
162 [2]
163 [2]
164 [2]
165 [2]
166 [2]
167 [2]
168 []
169 []
170 [2]
171 [2]
172 [2]
173 [2]
174 [2]
175 [2]
176 [2]
177 [2]
178 []
179 []
180 [2]
181 [2]
182 [2]
183 [2]
184 [2]
185 [2]
186 [2]
187 [2]
188 [2]
189 [2]
190 [2]
191 [2]
192 [2]
193 [2]
194 [2]
195 [2]
196 [2]
197 [2]
198 [2]
199 [2]
200 [2]
201 [2]
202 [2]
203 []
204 []
205 []
206 []
207 []
208 []
209 []
210 [2]
211 [2]
212 [2]
213 [2]
214 [2]
215 [2]
216 [2]
217 [2]
218 [2]
219 [2]
220 [2]
221 [2]
222 [2]
223 [2]
224 [2]
225 [2]
226 [2]
227 [2]
228 [2]
229 [2]
230 [2]
231 [2]
232 [2]
233 [2]
234 [2]
235 [2]
236 [2]
237 [2]
238 [2]
239 [2]
240 [2]
241 [2]
242 [2]
243 [2]
244 [2]
245 [2]
246 [2]
247 [2]
248 [2]
249 [2]
250 [2]
251 [2]
252 [2]
253 [2]
254 [2]
255 [2]
256 [2]
257 [2]
258 [2]
259 [2]
260 [2]
261 [2]
262 [2]
263 [2]
264 [2]
1 []
2 [2]
3 [2]
4 [2]
5 [2]
6 [2]
7 [2]
8 [2]
9 [2]
10 [2]
11 [2]
12 [2]
13 [2]
14 [2]
15 [2]
16 [2]
17 [2]
18 [2]
19 [2]
20 [2]
21 [2]
22 [2]
23 [2]
24 [2]
25 [2]
26 [2]
27 [2]
28 [2]
29 [2]
30 [2]
31 [2]
32 [2]
33 [2]
34 []
35 []
36 []
37 [2]
38 [2]
39 [2]
40 [2]
41 [2]
42 [2]
43 [2]
44 [2]
45 [2]
46 [2]
47 [2]
48 [2]
49 []
50 []
51 []
52 [2]
53 [2]
54 [2]
55 [2]
56 []
57 []
58 []
59 [2]
60 [2]
61 [2]
62 [2]
63 [2]
64 [2]
65 [2]
66 [2]
67 []
68 []
69 []
70 []
71 []
72 []
73 []
74 []
75 []
76 []
77 []
78 []
79 []
80 []
81 []
82 []
83 []
84 []
85 []
86 []
87 []
88 []
89 []
90 []
91 []
92 []
93 [2]
94 []
95 []
96 []
97 []
98 []
99 []
100 []
101 [2]
102 [2]
103 [2]
104 [2]
105 [2]
106 [2]
107 [2]
108 [2]
109 [2]
110 [2]
111 [2]
112 [2]
113 [2]
114 [2]
115 [2]
116 [2]
117 [2]
118 [2]
119 [2]
120 [2]
121 [2]
122 [2]
123 [2]
124 [2]
125 [2]
126 [2]
127 [2]
128 [2]
1 []
2 [2]
3 [2]
4 [2]
5 [2]
6 [2]
7 [2]
8 [2]
9 [2]
10 [2]
11 [2]
12 [2]
13 [2]
14 [2]
15 [2]
16 [2]
17 [2]
18 [2]
19 [2]
20 [2]
21 [2]
22 [2]
23 [2]
24 [2]
25 [2]
26 [2]
27 [2]
28 [2]
29 [2]
30 [2]
31 [2]
32 [2]
33 [2]
34 []
35 []
36 []
37 [2]
38 [2]
39 [2]
40 [2]
41 [2]
42 [2]
43 [2]
44 [2]
45 [2]
46 [2]
47 [2]
48 [2]
49 []
50 []
51 []
52 [2]
53 [2]
54 [2]
55 [2]
56 []
57 []
58 []
59 [2]
60 [2]
61 [2]
62 [2]
63 [2]
64 [2]
65 [2]
66 [2]
67 []
68 []
69 []
70 []
71 []
72 []
73 []
74 []
75 []
76 []
77 []
78 []
79 []
80 []
81 []
82 []
83 []
84 []
85 []
86 []
87 []
88 []
89 []
90 []
91 []
92 []
93 [2]
94 []
95 []
96 []
97 []
98 []
99 []
100 []
101 [2]
102 [2]
103 [2]
104 [2]
105 [2]
106 [2]
1 []
2 [2]
3 [2]
4 [2]
5 [2]
6 [2]
7 [2]
8 [2]
9 [2]
10 [2]
11 [2]
12 [2]
13 [2]
14 [2]
15 [2]
16 [2]
17 [2]
18 [2]
19 [2]
20 [2]
21 [2]
22 [2]
23 [2]
24 [2]
25 [2]
26 [2]
27 [2]
28 [2]
29 [2]
30 [2]
31 [2]
32 [2]
33 [2]
34 []
35 []
36 []
37 [2]
38 [2]
39 [2]
40 [2]
41 [2]
42 [2]
43 [2]
44 [2]
45 [2]
46 [2]
47 [2]
48 [2]
49 []
50 []
51 []
52 [2]
53 [2]
54 [2]
55 [2]
56 []
57 []
58 []
59 [2]
60 [2]
61 [2]
62 [2]
63 [2]
64 [2]
65 [2]
66 [2]
67 []
68 []
69 []
70 []
71 []
72 []
73 []
74 []
75 []
76 []
77 []
78 []
79 []
80 []
81 []
82 []
83 []
84 []
85 []
86 []
87 []
88 []
89 []
90 []
91 []
92 []
93 [2]
94 []
95 []
96 []
97 []
98 []
99 []
100 []
101 [2]
102 [2]
103 [2]
104 [2]
105 [2]
106 [2]
107 [2]
108 [2]
109 [2]
110 [2]
111 [2]
112 [2]
113 [2]
114 [2]
115 [2]
116 [2]
117 [2]
118 [2]
119 [2]
120 [2]
121 [2]
122 [2]
123 [2]
124 [2]
125 [2]
126 [2]
1 []
2 [2]
3 [2]
4 [2]
5 [2]
6 [2]
7 [2]
8 [2]
9 [2]
10 [2]
11 [2]
12 [2]
13 [2]
14 [2]
15 [2]
16 [2]
17 [2]
18 [2]
19 [2]
20 [2]
21 [2]
22 [2]
23 [2]
24 [2]
25 [2]
26 [2]
27 [2]
28 [2]
29 [2]
30 [2]
31 [2]
32 [2]
33 [2]
34 []
35 []
36 []
37 [2]
38 [2]
39 [2]
40 [2]
41 [2]
42 [2]
43 [2]
44 [2]
45 [2]
46 [2]
47 [2]
48 [2]
49 []
50 []
51 []
52 [2]
53 [2]
54 [2]
55 [2]
56 []
1 []
2 [2]
3 [2]
4 [2]
5 [2]
6 [2]
7 [2]
8 [2]
9 [2]
10 [2]
11 [2]
12 [2]
13 [2]
14 [2]
15 [2]
16 [2]
17 [2]
18 [2]
19 [2]
20 [2]
21 [2]
22 [2]
23 [2]
24 [2]
25 [2]
26 [2]
27 [2]
28 [2]
29 [2]
30 [2]
31 [2]
32 [2]
33 [2]
34 []
35 []
36 []
37 [2]
38 [2]
39 [2]
40 [2]
41 [2]
42 [2]
43 [2]
44 [2]
45 [2]
46 [2]
47 [2]
48 [2]
49 []
50 []
51 []
52 [2]
53 [2]
54 [2]
55 [2]
56 []
1 []
2 [2]
3 [2]
4 [2]
5 [2]
6 [2]
7 [2]
8 [2]
9 [2]
10 [2]
11 [2]
12 [2]
13 [2]
14 [2]
15 [2]
16 [2]
17 [2]
18 [2]
19 [2]
20 [2]
21 [2]
22 [2]
23 [2]
24 [2]
25 [2]
26 [2]
27 [2]
28 [2]
29 [2]
30 [2]
31 [2]
32 [2]
33 [2]
34 []
35 []
36 []
37 [2]
38 [2]
39 [2]
40 [2]
41 [2]
42 [2]
43 [2]
44 [2]
45 [2]
46 [2]
47 [2]
48 [2]
49 []
50 []
51 []
52 [2]
53 [2]
54 [2]
55 [2]
56 []
1 []
2 []
3 [2]
4 [2]
5 [2]
6 [2]
7 [2]
8 [2]
9 [2]
10 [2]
11 []
12 []
13 []
14 []
15 []
16 []
17 []
18 []
19 []
20 []
21 []
22 []
23 []
24 []
25 []
26 []
27 []
28 []
29 []
30 []
31 []
32 []
33 []
34 []
35 []
36 []
37 [2]
38 []
39 []
40 []
41 []
42 []
43 []
44 []
45 [2]
46 [2]
47 [2]
48 [2]
49 [2]
50 [2]
51 [2]
52 [2]
53 [2]
54 [2]
55 [2]
56 [2]
57 [2]
58 [2]
59 [2]
60 [2]
61 [2]
62 [2]
63 [2]
64 [2]
65 [2]
66 [2]
67 [2]
68 [2]
69 [2]
70 [2]
71 [2]
72 [2]
73 [2]
74 [2]
75 [2]
76 [2]
77 [2]
78 [2]
79 [2]
80 [2]
81 [2]
82 [2]
83 [2]
84 [2]
85 [2]
86 [2]
87 [2]
88 [2]
89 [2]
90 [2]
91 [2]
92 [2]
93 [2]
94 [2]
95 [2]
96 [2]
97 [2]
98 [2]
99 [2]
100 [2]
101 [2]
102 [2]
103 [2]
104 [2]
105 [2]
106 [2]
107 [2]
108 [2]
109 [2]
110 [2]
111 [2]
112 []
113 []
114 [2]
115 [2]
116 [2]
117 [2]
118 [2]
119 [2]
120 [2]
121 [2]
122 []
123 []
124 [2]
125 [2]
126 [2]
127 [2]
128 [2]
129 [2]
130 [2]
131 [2]
132 [2]
133 [2]
134 [2]
135 [2]
136 [2]
137 [2]
1 []
2 [2]
3 [2]
4 [2]
5 [2]
6 [2]
7 [2]
8 [2]
9 [2]
10 [2]
11 [2]
12 [2]
13 [2]
14 [2]
15 [2]
16 [2]
17 [2]
18 [2]
19 [2]
20 [2]
21 [2]
22 [2]
23 [2]
24 [2]
25 [2]
26 [2]
27 [2]
28 [2]
29 [2]
30 [2]
31 [2]
32 [2]
33 [2]
34 []
35 []
36 []
37 [2]
38 [2]
39 [2]
40 [2]
41 [2]
42 [2]
43 [2]
44 [2]
45 [2]
46 [2]
47 [2]
48 [2]
49 []
50 []
51 []
52 [2]
53 [2]
54 [2]
55 [2]
56 []
57 []
58 []
59 [2]
60 [2]
61 [2]
62 [2]
63 [2]
64 [2]
65 [2]
66 [2]
67 []
68 []
69 []
70 []
71 []
72 []
73 []
74 []
75 []
76 []
77 []
78 []
79 []
80 []
81 []
82 []
83 []
84 []
85 []
86 []
87 []
88 []
89 []
90 []
91 []
92 []
93 [2]
94 []
95 []
96 []
97 []
98 []
99 []
100 []
101 [2]
102 [2]
103 [2]
104 [2]
105 [2]
106 [2]
107 [2]
108 [2]
109 [2]
110 [2]
111 [2]
112 [2]
113 [2]
114 [2]
115 [2]
116 [2]
117 [2]
118 [2]
119 [2]
120 [2]
121 [2]
122 [2]
123 [2]
124 [2]
125 [2]
126 [2]
127 [2]
128 [2]
129 [2]
130 [2]
131 [2]
132 [2]
133 [2]
134 [2]
135 [2]
136 [2]
137 [2]
138 [2]
139 [2]
140 [2]
141 [2]
142 [2]
143 [2]
144 [2]
145 [2]
146 [2]
147 [2]
148 [2]
149 [2]
150 [2]
151 [2]
152 [2]
153 [2]
154 [2]
155 [2]
156 [2]
157 [2]
158 [2]
159 [2]
160 [2]
161 [2]
162 [2]
163 [2]
164 [2]
165 [2]
166 [2]
167 [2]
168 []
169 []
170 [2]
171 [2]
172 [2]
173 [2]
174 [2]
175 [2]
176 [2]
177 [2]
178 []
179 []
180 [2]
181 [2]
182 [2]
183 [2]
184 [2]
185 [2]
186 [2]
187 [2]
188 [2]
189 [2]
190 [2]
191 [2]
192 [2]
193 [2]
194 [2]
195 [2]
196 [2]
197 [2]
198 [2]
199 [2]
200 [2]
201 [2]
202 [2]
203 []
204 []
205 []
206 []
207 []
208 []
209 []
210 [2]
211 [2]
212 [2]
213 [2]
214 [2]
215 [2]
216 [2]
217 [2]
218 [2]
219 [2]
220 [2]
221 [2]
222 [2]
223 [2]
224 [2]
225 [2]
226 [2]
227 [2]
228 [2]
229 [2]
230 [2]
231 [2]
232 [2]
233 [2]
234 [2]
235 [2]
236 [2]
237 [2]
238 [2]
239 [2]
240 [2]
241 [2]
242 [2]
243 [2]
244 [2]
245 [2]
246 [2]
247 [2]
248 [2]
249 [2]
250 [2]
251 [2]
252 [2]
253 [2]
254 [2]
255 [2]
256 [2]
257 [2]
258 [2]
259 [2]
260 [2]
261 [2]
262 [2]
263 [2]
264 [2]
265 [2]
266 [2]
267 [2]
268 [2]
269 [2]
270 [2]
271 [2]
272 [2]
273 [2]
274 [2]
275 [2]
276 [2]
277 [2]
278 [2]
279 [2]
280 [2]
281 [2]
282 [2]
283 [2]
284 [2]
285 [2]
286 [2]
287 [2]
288 [2]
289 [2]
290 [2]
291 [2]
292 [2]
293 [2]
294 [2]
295 [2]
296 [2]
297 [2]
298 [2]
299 [2]
300 []
301 []
302 []
303 [2]
304 [2]
305 [2]
306 [2]
307 [2]
308 []
309 []
310 []
311 []
312 [2]
313 [2]
314 [2]
315 [2]
316 [2]
317 [2]
318 [2]
319 []
320 []
321 [2]
322 [2]
323 []
324 []
325 []
326 [2]
327 [2]
328 [2]
329 [2]
330 [2]
331 []
332 []
333 []
334 []
335 []
336 []
337 []
338 []
339 []
340 []
341 []
342 []
343 []
344 []
345 []
346 []
347 []
348 []
349 []
350 []
351 [2]
352 []
353 []
354 [2]
355 [2]
356 [2]
357 [2]
358 []
359 []
360 []
361 [2]
362 [2]
363 [2]
364 [2]
365 [2]
366 [2]
367 [2]
368 [2]
369 [2]
370 [2]
371 [2]
372 [2]
373 [2]
374 [2]
375 [2]
376 [2]
377 [2]
378 [2]
379 [2]
380 [2]
381 [2]
382 [2]
383 [2]
384 [2]
385 [2]
386 [2]
387 [2]
388 [2]
389 [2]
390 [2]
391 [2]
392 [2]
393 [2]
394 [2]
395 [2]
396 [2]
397 [2]
398 [2]
399 [2]
400 []
401 []
402 []
403 []
404 []
405 []
406 []
407 []
408 []
409 []
410 []
411 []
412 []
413 []
414 []
415 []
416 []
417 []
418 []
419 []
420 []
1 []
2 [2]
3 [2]
4 [2]
5 [2]
6 [2]
7 []
8 []
9 []
10 []
11 [2]
12 [2]
13 [2]
14 [2]
15 [2]
16 [2]
17 [2]
18 [2]
19 [2]
20 [2]
21 [2]
22 [2]
23 [2]
24 [2]
25 [2]
26 [2]
27 [2]
28 []
29 []
30 []
31 []
32 []
33 []
34 [2]
35 [2]
36 [2]
37 []
38 []
39 []
40 []
41 []
42 []
43 []
44 []
45 []
46 []
47 [2]
48 [2]
49 [2]
50 []
51 []
52 []
53 []
54 []
55 []
56 []
1 []
2 []
3 []
4 []
5 []
6 []
7 []
8 []
9 []
10 []
11 []
12 []
13 []
14 []
15 []
16 []
17 []
18 [2]
19 [2]
20 [2]
21 [2]
22 [2]
23 [2]
24 []
25 []
26 []
27 [2]
28 [2]
29 []
30 []
31 []
32 []
33 []
34 []
35 []
36 [2]
37 [2]
38 [2]
39 []
40 []
41 []
42 []
43 []
44 []
45 []
46 []
47 []
48 []
49 []
50 []
51 []
52 []
53 []
54 []
55 []
56 []
57 []
58 []
59 [2]
60 []
1 []
2 [2]
3 [2]
4 [2]
5 [2]
6 [2]
7 [2]
8 [2]
9 [2]
10 [2]
11 [2]
12 []
13 []
14 []
15 []
16 []
17 []
18 [2]
19 [2]
20 [2]
21 [2]
22 [2]
23 [2]
24 [2]
25 [2]
26 [2]
27 [2]
28 []
29 []
30 [2]
31 [2]
32 [2]
33 [2]
34 []
35 []
36 [2]
37 [2]
38 [2]
39 [2]
40 [2]
41 [2]
42 [2]
43 [2]
44 [2]
45 [2]
46 [2]
47 [2]
48 [2]
49 [2]
50 []
51 []
52 [2]
53 [2]
54 []
55 []
56 []
1 []
2 []
3 []
4 [2]
5 [2]
6 [2]
7 [2]
8 [2]
9 [2]
10 [2]
11 []
12 []
13 []
14 []
15 []
16 []
17 []
18 []
19 []
20 []
21 []
22 []
23 []
24 []
25 []
26 []
27 []
28 []
29 [2]
30 [2]
31 [2]
32 [2]
33 [2]
34 [2]
35 [2]
36 []
37 []
38 []
39 []
40 []
41 []
42 []
43 []
44 []
45 []
46 []
47 []
48 []
49 []
50 []
51 [2]
52 []
53 []
54 []
55 []
56 []
57 []
58 []
59 []
60 []
61 []
62 []
63 []
64 []
65 [2]
66 [2]
67 []
68 []
69 []
70 []
71 []
72 []
73 []
74 []
75 []
76 []
77 []
78 []
79 [2]
80 [2]
81 [2]
82 [2]
1 []
2 [2]
3 [2]
4 [2]
5 [2]
6 [2]
7 [2]
8 [2]
9 [2]
10 [2]
11 [2]
12 [2]
13 [2]
14 [2]
15 [2]
16 [2]
17 [2]
18 [2]
19 []
20 []
21 [2]
22 [2]
23 []
24 []
25 []
26 []
27 []
28 []
29 []
30 []
31 []
32 []
33 []
34 []
35 [2]
36 [2]
37 [2]
38 [2]
39 [2]
40 [2]
41 [2]
42 [2]
43 [2]
44 [2]
45 [2]
46 [2]
47 [2]
48 [2]
49 [2]
50 [2]
51 [2]
52 [2]
53 [2]
54 [2]
55 [2]
56 []
57 []
58 [2]
59 [2]
60 [2]
61 [2]
62 [2]
63 [2]
64 [2]
65 [2]
66 [2]
67 [2]
68 []
69 []
70 [2]
71 [2]
72 [2]
73 [2]
74 [2]
75 [2]
76 [2]
77 [2]
78 [2]
79 [2]
80 [2]
81 [2]
82 [2]
83 [2]
84 [2]
85 [2]
86 [2]
87 [2]
88 [2]
89 [2]
90 [2]
91 [2]
92 [2]
93 [2]
94 [2]
95 [2]
96 [2]
97 [2]
98 [2]
99 [2]
100 []
101 []
102 [2]
103 []
104 []
105 [2]
106 [2]
107 [2]
108 []
109 []
110 [2]
111 []
112 []
113 []
114 []
115 []
116 []
117 []
118 [2]
119 [2]
120 [2]
121 [2]
122 [2]
123 [2]
124 [2]
125 [2]
126 [2]
127 [2]
128 [2]
129 [2]
130 [2]
131 [2]
132 [2]
133 [2]
134 []
135 []
136 []
137 []
138 []
139 []
140 []
141 []
142 []
143 []
144 []
145 []
1 []
2 [2]
3 [2]
4 [2]
5 [2]
6 [2]
7 [2]
8 [2]
9 [2]
10 [2]
11 [2]
12 [2]
13 [2]
14 [2]
15 [2]
16 [2]
17 [2]
18 [2]
19 []
20 []
21 [2]
22 [2]
23 []
24 []
25 []
26 []
27 []
28 []
29 []
30 []
31 []
32 []
33 []
34 []
35 [2]
36 [2]
37 [2]
38 [2]
39 [2]
40 [2]
41 [2]
42 [2]
43 [2]
44 [2]
45 [2]
46 [2]
47 [2]
48 [2]
49 [2]
50 [2]
51 [2]
52 [2]
53 [2]
54 [2]
55 [2]
56 []
1 []
2 [2]
3 [2]
4 [2]
5 [2]
6 [2]
7 [2]
8 [2]
9 [2]
10 [2]
11 [2]
12 []
13 []
14 [2]
15 [2]
16 [2]
17 [2]
18 [2]
19 [2]
20 [2]
21 [2]
22 [2]
23 [2]
24 [2]
25 [2]
26 [2]
27 [2]
1 []
2 [2]
3 [2]
4 [2]
5 [2]
6 [2]
7 [2]
8 [2]
9 [2]
10 [2]
11 [2]
12 [2]
13 [2]
14 [2]
15 [2]
16 [2]
17 [2]
18 [2]
19 []
20 []
21 [2]
22 [2]
23 []
24 []
25 []
26 []
27 []
28 []
29 []
30 []
31 []
32 []
33 []
34 []
35 [2]
36 [2]
37 [2]
38 [2]
39 [2]
40 [2]
41 [2]
42 [2]
43 [2]
44 [2]
45 [2]
46 [2]
47 [2]
48 [2]
49 [2]
50 [2]
51 [2]
52 [2]
53 [2]
54 [2]
55 [2]
56 []
1 []
2 [2]
3 [2]
4 [2]
5 [2]
6 [2]
7 [2]
8 [2]
9 [2]
10 [2]
11 [2]
12 []
13 []
14 [2]
15 [2]
16 [2]
17 [2]
18 [2]
19 [2]
20 [2]
21 [2]
22 [2]
23 [2]
24 [2]
25 [2]
26 [2]
27 [2]
28 [2]
29 [2]
30 [2]
31 [2]
32 [2]
33 [2]
34 [2]
35 [2]
36 [2]
37 [2]
38 [2]
39 [2]
40 [2]
41 [2]
42 [2]
43 [2]
44 []
45 []
46 [2]
47 []
48 []
49 [2]
50 [2]
51 [2]
52 []
53 []
54 [2]
55 []
56 []
57 []
58 []
59 []
60 []
1 []
2 [2]
3 [2]
4 [2]
5 [2]
6 [2]
7 [2]
8 [2]
9 [2]
10 [2]
11 [2]
12 [2]
13 [2]
14 [2]
15 [2]
16 [2]
17 [2]
18 []
19 []
20 []
21 []
22 []
23 []
24 []
25 []
26 []
27 []
28 []
29 []
30 []
31 []
32 []
33 []
34 []
35 []
36 []
37 []
38 []
39 []
40 []
41 []
42 [2]
43 [2]
44 []
45 []
46 []
47 []
48 []
49 []
50 []
51 []
52 [2]
53 [2]
54 [2]
55 [2]
56 [2]
57 [2]
58 [2]
59 [2]
60 [2]
1 [2]
2 [2]
3 [2]
4 [2]
5 [2]
6 [2]
7 [2]
8 []
9 []
10 []
11 []
12 []
13 []
14 []
15 []
16 []
17 []
1 []
2 [2]
3 [2]
4 [2]
5 [2]
6 [2]
7 [2]
8 [2]
9 [2]
10 [2]
11 [2]
12 [2]
13 [2]
14 [2]
15 [2]
16 [2]
17 [2]
18 [2]
19 []
20 []
21 [2]
22 [2]
23 []
24 []
25 []
26 []
27 []
28 []
29 []
30 []
31 []
32 []
33 []
34 []
35 [2]
36 [2]
37 [2]
38 [2]
39 [2]
40 [2]
41 [2]
42 [2]
43 [2]
44 [2]
45 [2]
46 [2]
47 [2]
48 [2]
49 [2]
50 [2]
51 [2]
52 [2]
53 [2]
54 [2]
55 [2]
56 []
1 []
2 [2]
3 [2]
4 [2]
5 [2]
6 [2]
7 [2]
8 [2]
9 [2]
10 [2]
11 [2]
12 []
13 []
14 [2]
15 [2]
16 [2]
17 [2]
18 [2]
19 [2]
20 [2]
21 [2]
22 [2]
23 [2]
24 [2]
25 [2]
26 [2]
27 [2]
28 [2]
29 [2]
30 [2]
31 [2]
32 [2]
33 [2]
34 [2]
35 [2]
36 [2]
37 [2]
38 [2]
39 [2]
40 [2]
41 [2]
42 [2]
43 [2]
44 []
45 []
46 [2]
47 []
48 []
49 [2]
50 [2]
51 [2]
52 []
53 []
54 [2]
55 []
56 []
57 []
58 []
59 []
60 []
1 []
2 [2]
3 [2]
4 [2]
5 [2]
6 [2]
7 [2]
8 [2]
9 [2]
10 [2]
11 [2]
12 [2]
13 [2]
14 [2]
15 [2]
16 [2]
17 [2]
18 []
19 []
20 []
21 []
22 []
23 []
24 []
25 []
26 []
27 []
28 []
29 []
30 []
31 []
32 []
33 []
34 []
35 []
36 []
37 []
38 []
39 []
40 []
41 []
42 [2]
43 [2]
44 []
45 []
46 []
47 []
48 []
49 []
50 []
51 []
52 [2]
53 [2]
54 [2]
55 [2]
56 [2]
57 [2]
58 [2]
59 [2]
60 [2]
1 []
2 [2]
3 [2]
4 [2]
5 [2]
6 [2]
7 [2]
8 [2]
9 [2]
10 [2]
11 [2]
12 [2]
13 [2]
14 [2]
15 [2]
16 [2]
17 [2]
18 [2]
19 []
20 []
21 [2]
22 [2]
23 []
24 []
25 []
26 []
27 []
28 []
29 []
30 []
31 []
32 []
33 []
34 []
35 [2]
36 [2]
37 [2]
38 [2]
39 [2]
40 [2]
41 [2]
42 [2]
43 [2]
44 [2]
45 [2]
1 []
2 [2]
3 [2]
4 [2]
5 [2]
6 [2]
7 [2]
8 [2]
9 [2]
10 [2]
11 [2]
12 [2]
13 [2]
14 [2]
15 [2]
16 [2]
17 [2]
18 [2]
19 []
20 []
21 [2]
22 [2]
23 []
24 []
25 []
26 []
27 []
28 []
29 []
30 []
31 []
32 []
33 []
34 []
35 [2]
36 [2]
37 [2]
38 [2]
39 [2]
40 [2]
41 [2]
42 [2]
43 [2]
44 [2]
45 [2]
46 [2]
47 [2]
48 [2]
49 [2]
50 [2]
51 [2]
52 [2]
53 [2]
54 [2]
55 [2]
56 []
57 []
58 [2]
59 [2]
60 [2]
61 [2]
62 [2]
63 [2]
64 [2]
65 [2]
66 [2]
67 [2]
68 []
69 []
70 [2]
71 [2]
72 [2]
73 [2]
74 [2]
75 [2]
76 [2]
77 [2]
78 [2]
79 [2]
80 [2]
81 [2]
82 [2]
83 [2]
84 [2]
85 [2]
86 [2]
1 []
2 [2]
3 [2]
4 [2]
5 [2]
6 [2]
7 [2]
8 [2]
9 [2]
10 [2]
11 [2]
12 [2]
13 [2]
14 [2]
15 [2]
16 [2]
17 [2]
18 [2]
19 []
20 []
21 [2]
22 [2]
23 []
24 []
25 []
26 []
27 []
28 []
29 []
30 []
31 []
32 []
33 []
34 []
35 [2]
36 [2]
37 [2]
38 [2]
39 [2]
40 [2]
41 [2]
42 [2]
43 [2]
44 [2]
45 [2]
46 [2]
47 [2]
48 [2]
49 [2]
50 [2]
51 [2]
52 [2]
53 [2]
54 [2]
55 [2]
56 []
1 []
2 [2]
3 [2]
4 [2]
5 [2]
6 [2]
7 [2]
8 [2]
9 [2]
10 [2]
11 [2]
12 []
13 []
14 [2]
15 [2]
16 [2]
17 [2]
18 [2]
19 [2]
20 [2]
21 [2]
22 [2]
23 [2]
24 [2]
25 [2]
26 [2]
27 [2]
28 [2]
29 [2]
30 [2]
31 [2]
32 [2]
33 [2]
34 [2]
35 [2]
36 [2]
37 [2]
38 [2]
39 [2]
40 [2]
41 [2]
42 [2]
43 [2]
44 []
45 []
46 [2]
47 []
48 []
49 [2]
50 [2]
51 [2]
52 []
53 []
54 [2]
55 []
56 []
57 []
58 []
59 []
60 []
1 []
2 [2]
3 [2]
4 [2]
5 [2]
6 [2]
7 [2]
8 [2]
9 [2]
10 [2]
11 [2]
12 [2]
13 [2]
14 [2]
15 [2]
16 [2]
17 [2]
18 []
19 []
20 []
21 []
22 []
23 []
24 []
25 []
26 []
27 []
28 []
29 []
30 []
31 []
32 []
33 []
34 []
35 []
36 []
37 []
38 []
39 []
40 []
41 []
42 [2]
43 [2]
44 []
45 []
46 []
47 []
48 []
49 []
50 []
51 []
52 [2]
53 [2]
54 [2]
55 [2]
56 [2]
57 [2]
58 [2]
59 [2]
60 [2]
1 [2]
2 [2]
3 [2]
4 [2]
5 [2]
6 [2]
7 [2]
8 []
9 []
10 []
11 []
12 []
13 []
14 []
15 []
16 []
17 []
18 []
19 []
20 []
21 []
22 []
23 []
24 []
25 []
26 []
27 []
28 []
29 []
30 [2]
31 []
32 []
33 []
34 []
35 []
36 []
37 [2]
38 [2]
39 [2]
40 []
41 []
42 []
43 []
44 []
45 []
46 []
47 []
48 []
49 []
50 []
51 []
52 []
53 []
54 []
55 []
56 []
57 []
58 []
59 []
60 []
1 []
2 []
3 []
4 []
5 [2]
6 [2]
7 [2]
8 [2]
9 [2]
10 []
11 []
12 []
13 []
14 []
15 []
16 []
17 []
18 []
19 []
20 []
21 []
22 []
23 []
24 []
25 []
26 []
27 []
28 []
29 []
30 []
31 []
32 [2]
33 [2]
34 [2]
35 [2]
36 [2]
37 [2]
38 [2]
39 [2]
40 [2]
41 [2]
42 [2]
43 [2]
44 [2]
45 [2]
46 [2]
47 [2]
48 [2]
49 [2]
50 [2]
51 [2]
52 [2]
53 [2]
54 [2]
55 [2]
56 []
57 []
58 [2]
59 [2]
60 [2]
1 []
2 []
3 []
4 []
5 [2]
6 [2]
7 [2]
8 [2]
1 []
2 [2]
3 [2]
4 [2]
5 [2]
6 [2]
7 [2]
8 [2]
9 [2]
10 [2]
11 [2]
12 [2]
13 [2]
14 [2]
15 [2]
16 [2]
17 [2]
18 [2]
19 []
20 []
21 [2]
22 [2]
23 []
24 []
25 []
26 []
27 []
28 []
29 []
30 []
31 []
32 []
33 []
34 []
35 [2]
36 [2]
37 [2]
38 [2]
39 [2]
40 [2]
41 [2]
42 [2]
43 [2]
44 [2]
45 [2]
46 [2]
47 [2]
48 [2]
49 [2]
50 [2]
51 [2]
52 [2]
53 [2]
54 [2]
55 [2]
56 []
1 []
2 [2]
3 [2]
4 [2]
5 [2]
6 [2]
7 [2]
8 [2]
9 [2]
10 [2]
11 [2]
12 []
13 []
14 [2]
15 [2]
16 [2]
17 [2]
18 [2]
19 [2]
20 [2]
21 [2]
22 [2]
23 [2]
24 [2]
25 [2]
26 [2]
27 [2]
28 [2]
29 [2]
30 [2]
31 [2]
32 [2]
33 [2]
34 [2]
35 [2]
36 [2]
37 [2]
38 [2]
39 [2]
40 [2]
41 [2]
42 [2]
43 [2]
44 []
45 []
46 [2]
47 []
48 []
49 [2]
50 [2]
51 [2]
52 []
53 []
54 [2]
55 []
56 []
57 []
58 []
59 []
60 []
1 []
2 [2]
3 [2]
4 [2]
5 [2]
6 [2]
1 []
2 [2]
3 [2]
4 [2]
5 [2]
6 [2]
7 []
8 []
9 []
10 []
11 [2]
12 [2]
13 [2]
14 [2]
15 [2]
16 [2]
17 [2]
18 [2]
19 [2]
20 [2]
21 [2]
22 [2]
23 [2]
24 [2]
25 [2]
26 [2]
27 [2]
28 []
29 []
30 []
31 []
32 []
33 []
34 [2]
35 [2]
36 [2]
37 []
38 []
39 []
40 []
41 []
42 []
43 []
44 []
45 []
46 []
47 [2]
48 [2]
49 [2]
50 []
51 []
52 []
53 []
54 []
55 []
56 []
1 []
2 []
3 []
4 []
5 []
6 []
7 []
8 []
9 []
10 []
11 []
12 []
13 []
14 []
15 []
16 []
17 []
18 [2]
19 [2]
20 [2]
21 [2]
22 [2]
23 [2]
24 []
25 []
26 []
27 [2]
28 [2]
29 []
30 []
31 []
32 []
33 []
34 []
35 []
36 [2]
37 [2]
38 [2]
39 []
40 []
41 []
42 []
43 []
44 []
45 []
46 []
47 []
48 []
49 []
50 []
51 []
52 []
53 []
54 []
55 []
56 []
57 []
58 []
59 [2]
60 []
1 []
2 []
3 []
4 []
5 []
6 []
7 []
8 [2]
9 [2]
10 []
11 []
12 []
13 [2]
14 [2]
15 [2]
16 [2]
17 [2]
18 [2]
19 [2]
20 [2]
21 [2]
22 [2]
23 [2]
24 [2]
25 [2]
26 [2]
27 [2]
28 [2]
29 [2]
30 [2]
31 [2]
32 [2]
33 [2]
34 []
35 []
36 []
37 []
38 []
39 []
40 []
41 []
42 []
43 [2]
44 []
45 []
46 []
47 []
48 []
49 []
50 []
51 []
52 []
53 []
54 []
55 []
56 []
57 []
58 []
59 []
60 []
1 []
2 []
3 []
4 []
5 []
6 []
7 []
8 []
9 []
10 [2]
11 [2]
12 [2]
13 [2]
14 [2]
15 [2]
16 [2]
17 [2]
18 [2]
19 [2]
20 [2]
1 []
2 [2]
3 [2]
4 [2]
5 [2]
6 [2]
7 []
8 []
9 []
10 []
11 [2]
12 [2]
13 [2]
14 [2]
15 [2]
16 [2]
17 [2]
18 [2]
19 [2]
20 [2]
21 [2]
22 [2]
23 [2]
24 [2]
25 [2]
26 [2]
27 [2]
28 []
29 []
30 []
31 []
32 []
33 []
34 [2]
35 [2]
36 [2]
37 []
38 []
39 []
40 []
41 []
42 []
43 []
44 []
45 []
46 []
47 [2]
48 [2]
49 [2]
50 []
51 []
52 []
53 []
54 []
55 []
56 []
57 []
58 []
59 []
60 []
61 []
62 []
63 []
64 []
65 []
66 []
67 []
68 []
69 []
70 []
71 []
72 []
73 []
74 [2]
75 [2]
76 [2]
77 [2]
78 [2]
79 [2]
80 []
81 []
82 []
83 [2]
84 [2]
85 []
86 []
87 []
88 []
89 []
90 []
91 []
92 [2]
93 [2]
94 [2]
95 []
96 []
97 []
98 []
99 []
100 []
101 []
102 []
103 []
104 []
105 []
106 []
107 []
108 []
109 []
110 []
111 []
112 []
113 []
114 []
115 [2]
116 []
117 []
118 []
119 []
120 []
121 []
122 []
123 []
124 [2]
125 [2]
126 []
127 []
128 []
129 [2]
130 [2]
131 [2]
132 [2]
133 [2]
134 [2]
135 [2]
136 [2]
137 [2]
138 [2]
139 [2]
140 [2]
141 [2]
142 [2]
143 [2]
144 [2]
145 [2]
146 [2]
147 [2]
148 [2]
149 [2]
150 []
151 []
152 []
153 []
154 []
155 []
156 []
157 []
158 []
159 [2]
160 []
161 []
162 []
163 []
164 []
165 []
166 []
167 []
168 []
169 []
170 []
171 []
172 []
173 []
174 []
175 []
176 []
177 []
178 []
179 []
180 []
181 []
182 []
183 []
184 []
185 []
186 [2]
187 [2]
188 [2]
189 [2]
190 [2]
191 [2]
192 [2]
193 [2]
194 [2]
195 [2]
196 [2]
197 [2]
198 [2]
199 [2]
200 [2]
201 [2]
202 [2]
203 [2]
204 [2]
205 [2]
206 [2]
207 [2]
208 [2]
209 [2]
210 [2]
211 [2]
212 [2]
213 [2]
214 [2]
215 []
216 []
217 [2]
218 [2]
219 [2]
220 [2]
221 []
222 []
223 []
224 []
225 []
226 [2]
227 [2]
228 [2]
229 [2]
230 []
231 []
232 []
233 []
234 []
235 []
236 []
237 []
238 []
239 [2]
240 []
241 []
242 []
243 []
244 []
245 []
246 []
247 []
248 []
249 []
250 []
251 []
252 []
253 []
254 []
255 []
256 []
257 []
258 []
259 []
260 []
261 []
262 []
263 []
264 []
265 []
266 []
267 []
268 [2]
269 []
270 []
271 []
272 []
273 []
274 []
275 [2]
276 [2]
277 []
278 []
279 []
280 []
281 []
282 []
283 [2]
284 [2]
285 []
286 []
287 []
288 []
289 []
290 []
291 []
292 [2]
293 []
294 []
295 []
296 []
297 []
298 []
299 []
300 []
301 []
302 []
303 []
304 []
305 [2]
306 []
307 []
308 []
309 []
310 [2]
311 [2]
312 [2]
313 []
314 []
315 []
316 []
317 []
318 []
319 []
320 []
321 []
322 []
323 []
324 []
325 []
326 []
327 []
328 []
329 []
330 []
331 []
332 []
333 []
334 []
335 []
336 []
337 []
338 []
339 []
340 []
341 []
342 []
343 []
344 []
345 []
346 []
347 []
348 []
349 []
350 []
351 []
352 []
353 []
354 []
355 []
356 []
357 []
358 []
359 []
360 []
361 []
362 []
363 []
364 []
365 []
366 []
367 []
368 []
369 [2]
370 [2]
371 [2]
372 []
373 []
374 []
375 []
376 []
377 []
378 []
379 []
380 []
381 []
382 []
383 []
384 []
385 []
386 []
387 []
388 []
389 []
390 []
391 []
392 []
393 []
394 []
395 []
396 []
397 []
398 []
399 []
400 []
401 []
402 []
403 []
404 []
405 []
406 []
407 []
408 []
409 []
410 []
411 []
412 []
413 []
414 []
415 []
416 []
417 []
418 []
419 []
420 []
421 []
422 []
423 []
424 []
425 []
426 []
427 []
428 []
429 []
430 []
431 []
432 []
433 []
434 []
435 []
436 []
437 []
438 []
439 []
440 []
441 []
442 []
443 []
444 []
445 []
446 []
447 []
448 []
449 []
450 []
451 []
452 []
453 []
454 []
455 []
456 []
457 []
458 []
459 []
460 []
461 []
462 []
463 []
464 []
465 []
466 []
467 []
468 []
469 []
470 []
471 []
472 []
473 []
474 [2]
475 [2]
476 [2]
477 []
478 []
479 []
480 []
481 []
482 []
483 []
484 []
485 []
486 []
487 []
488 []
489 []
490 []
491 []
492 []
493 []
494 []
495 []
496 []
497 []
498 []
499 []
500 []
501 []
502 []
503 []
504 []
505 []
506 []
507 []
508 []
509 []
510 []
511 []
512 [2]
513 [2]
514 []
515 []
516 []
517 []
518 []
519 []
520 []
521 []
522 []
523 []
524 []
525 []
526 []
527 []
528 []
529 []
530 []
531 []
532 []
533 [2]
534 [2]
535 [2]
536 []
537 []
538 []
539 []
540 []
541 []
542 []
543 []
544 []
545 []
546 []
547 []
548 []
549 [2]
550 []
551 []
552 []
553 []
554 []
555 []
556 []
557 []
558 []
559 []
560 []
561 []
562 []
563 []
564 []
565 []
566 []
567 []
568 []
569 []
570 []
571 []
572 []
573 []
574 []
575 []
576 []
577 []
578 []
579 []
580 []
581 []
582 []
583 []
584 []
585 []
586 []
587 []
588 []
589 []
590 []
591 []
592 []
593 []
594 []
595 []
596 []
597 []
598 []
599 []
600 []
601 []
602 []
603 []
604 []
605 []
606 []
607 []
608 []
609 []
610 [2]
611 [2]
612 []
613 []
614 []
615 []
616 []
617 []
618 []
619 [2]
620 [2]
621 [2]
622 []
623 []
624 []
625 []
626 []
627 []
628 []
629 []
630 []
631 []
632 []
633 []
634 []
635 []
636 []
637 []
638 []
639 []
640 []
641 []
642 []
643 []
644 []
645 []
646 []
647 []
648 []
649 []
650 []
651 []
652 []
653 []
654 []
655 []
656 []
657 []
658 []
659 []
660 []
661 []
662 []
663 []
664 []
665 []
666 []
667 []
668 []
669 []
670 []
671 []
672 []
673 []
674 []
675 []
676 []
677 []
678 []
679 [2]
680 []
681 []
682 []
683 []
684 []
685 []
686 []
687 []
688 []
689 []
690 []
691 []
692 []
693 []
694 []
695 []
696 []
697 []
698 []
699 []
700 []
701 []
702 []
703 []
704 []
705 []
706 []
707 []
708 []
709 []
710 [2]
711 [2]
712 [2]
713 []
714 []
715 []
716 []
717 []
718 []
719 []
720 []
721 []
722 []
723 []
724 []
725 []
726 []
727 []
728 []
729 []
730 []
731 []
732 []
733 []
734 []
735 []
736 []
737 [2]
738 []
739 []
740 []
741 []
742 []
743 []
744 []
745 []
746 []
747 []
748 []
749 []
750 []
751 []
752 []
753 []
754 []
755 []
756 []
757 []
758 []
759 []
760 []
761 []
762 []
763 []
764 []
765 []
766 []
767 []
768 []
769 [2]
770 []
771 []
772 []
773 []
774 []
775 []
776 []
777 []
778 []
779 []
780 []
781 []
782 []
783 []
784 []
785 []
786 []
787 [2]
788 [2]
789 [2]
790 [2]
791 []
792 []
793 []
794 []
795 []
796 []
797 []
798 []
799 []
800 []
801 []
802 []
803 []
804 []
805 [2]
806 [2]
807 [2]
808 [2]
809 [2]
810 []
811 []
812 []
813 []
814 []
815 []
816 []
817 []
818 []
819 []
820 []
821 []
822 []
823 []
824 []
825 []
826 []
827 []
828 []
829 []
830 []
831 []
832 []
833 []
834 []
835 []
836 []
837 []
838 []
839 []
840 []
841 []
842 [2]
843 [2]
844 []
845 []
846 []
847 []
848 []
849 []
850 []
851 []
852 []
853 []
854 []
855 []
856 []
857 []
858 []
859 []
860 [2]
861 [2]
862 [2]
863 []
864 []
865 []
866 []
867 []
868 []
869 []
870 []
871 []
872 []
873 [2]
874 []
875 []
876 []
877 [2]
878 [2]
879 [2]
880 []
881 []
882 []
883 []
884 []
885 []
886 []
887 []
888 []
889 []
890 []
891 []
892 []
893 []
894 []
895 []
896 []
897 []
898 []
899 []
900 []
901 []
902 []
903 []
904 []
905 []
906 []
907 [2]
908 []
909 []
910 [2]
911 []
912 []
913 []
914 []
915 []
916 []
917 []
918 []
919 []
920 []
921 []
922 []
923 []
924 []
925 []
926 []
927 []
928 []
929 []
930 []
931 []
932 []
933 []
934 []
935 []
936 []
937 []
938 []
939 []
940 []
941 []
942 []
943 []
944 []
945 []
946 []
947 []
948 []
949 []
950 []
951 []
952 []
953 []
954 []
955 []
956 []
957 []
958 []
959 []
960 []
961 []
962 []
963 []
964 []
965 []
966 []
967 [2]
968 []
969 []
970 []
971 []
972 []
973 []
974 []
975 []
976 []
977 []
978 [2]
979 [2]
980 [2]
981 []
982 []
983 []
984 []
985 []
986 []
987 []
988 []
989 []
990 []
991 []
992 []
993 []
994 []
995 []
996 []
997 []
998 []
999 []
1000 []
1001 []
1002 []
1003 []
1004 []
1005 []
1006 []
1007 []
1008 []
1009 []
1010 []
1011 []
1012 []
1013 []
1014 []
1015 []
1016 []
1017 []
1018 []
1019 []
1020 []
1021 []
1022 []
1023 []
1024 []
1025 []
1026 []
1027 []
1028 []
1029 []
1030 [2]
1031 [2]
1032 []
1033 []
1034 []
1035 []
1036 []
1037 []
1038 []
1039 []
1040 []
1041 []
1042 []
1043 []
1044 []
1045 []
1046 []
1047 []
1048 []
1049 []
1050 []
1051 []
1052 []
1053 []
1054 []
1055 []
1056 []
1057 []
1058 []
1059 []
1060 []
1061 []
1062 []
1063 []
1064 []
1065 []
1066 []
1067 []
1068 []
1069 []
1070 [2]
1071 [2]
1072 []
1073 []
1074 []
1075 []
1076 []
1077 []
1078 [2]
1079 [2]
1080 [2]
1081 [2]
1082 []
1083 []
1084 []
1085 []
1086 []
1087 []
1088 []
1089 []
1090 []
1091 []
1092 []
1093 []
1094 []
1095 []
1096 []
1097 []
1098 []
1099 []
1100 []
1101 []
1102 []
1103 []
1104 []
1105 [2]
1106 [2]
1107 [2]
1108 [2]
1109 []
1110 []
1111 []
1112 []
1113 []
1114 []
1115 []
1116 []
1117 []
1118 []
1119 []
1120 []
1121 []
1122 []
1123 [2]
1124 [2]
1125 [2]
1126 [2]
1127 []
1128 []
1129 []
1130 [2]
1131 [2]
1132 [2]
1133 []
1134 []
1135 []
1136 []
1137 [2]
1138 [2]
1139 [2]
1140 [2]
1141 []
1142 []
1143 []
1144 []
1145 []
1146 []
1147 []
1148 []
1149 [2]
1150 [2]
1151 []
1152 []
1153 []
1154 []
1155 []
1156 []
1157 []
1158 []
1159 [2]
1160 []
1161 []
1162 []
1163 []
1164 []
1165 []
1166 []
1167 []
1168 []
1169 [2]
1170 [2]
1171 [2]
1172 [2]
1173 []
1174 []
1175 []
1176 []
1177 []
1178 []
1179 []
1180 []
1181 []
1182 []
1183 []
1184 []
1185 []
1186 []
1187 []
1188 []
1189 []
1190 []
1191 []
1192 []
1193 []
1194 []
1195 []
1196 [2]
1197 [2]
1198 [2]
1199 [2]
1200 []
1201 []
1202 []
1203 []
1204 []
1205 []
1206 []
1207 []
1208 []
1209 []
1210 []
1211 [2]
1212 [2]
1213 []
1214 []
1215 []
1216 []
1217 []
1218 []
1219 [2]
1220 []
1221 []
1222 []
1223 []
1224 []
1225 []
1226 []
1227 []
1228 [2]
1229 [2]
1230 [2]
1231 [2]
1232 []
1233 []
1234 []
1235 []
1236 []
1237 []
1238 []
1239 []
1240 []
1241 []
1242 []
1243 []
1244 []
1245 []
1246 [2]
1247 [2]
1248 [2]
1249 [2]
1250 []
1251 []
1252 []
1253 []
1254 []
1255 []
1256 []
1257 []
1258 []
1259 []
1260 [2]
1261 [2]
1262 [2]
1263 []
1264 []
1265 []
1266 []
1267 []
1268 []
1269 []
1270 []
1271 []
1272 []
1273 [2]
1274 []
1275 []
1276 []
1277 [2]
1278 [2]
1279 [2]
1280 [2]
1281 []
1282 []
1283 []
1284 []
1285 []
1286 []
1287 []
1288 []
1289 []
1290 []
1291 []
1292 []
1293 []
1294 []
1295 []
1296 []
1297 []
1298 []
1299 []
1300 []
1301 []
1302 []
1303 [2]
1304 []
1305 []
1306 []
1307 []
1308 []
1309 []
1310 []
1311 []
1312 []
1313 []
1314 []
1315 []
1316 []
1317 []
1318 []
1319 []
1320 []
1321 [2]
1322 []
1323 []
1324 []
1325 []
1326 []
1327 []
1328 []
1329 []
1330 []
1331 []
1332 []
1333 []
1334 []
1335 []
1336 []
1337 []
1338 []
1339 []
1340 []
1341 []
1342 []
1343 []
1344 []
1345 []
1346 []
1347 []
1348 [0]
1349 []
1350 []
1351 []
1352 []
1353 []
1354 []
1355 []
1356 []
1357 []
1358 []
1359 []
1360 []
1361 []
1362 []
1363 []
1364 []
1365 []
1366 [0]
1367 []
1368 []
1369 []
1370 []
1371 []
1372 []
1373 []
1374 []
1375 []
1376 []
1377 []
1378 [0]
1379 []
1380 [0]
1381 []
1382 [0]
1383 []
1384 [0]
1385 []
1386 []
1387 [0]
1388 [0]
1389 [0]
1390 [0]
1391 [0]
1392 [0, 2]
1393 [0, 2]
1394 [0]
1395 [0]
1396 [0]
1397 [0]
1398 [0]
1399 []
1400 []
1401 [0]
1402 [0]
1403 []
1404 []
1405 []
1406 []
1407 []
1408 []
1409 []
1410 [2]
1411 [2]
1412 [2]
1413 [2]
1414 [2]
1415 [2]
1416 [2]
1417 [2]
1418 [2]
1419 []
1420 []
1421 []
1422 []
1423 []
1424 []
1425 []
1426 []
1427 []
1428 []
1429 []
1430 []
1431 []
1432 []
1433 []
1434 []
1435 []
1436 []
1437 []
1438 []
1439 [2]
1440 [2]
1441 []
1442 []
1443 []
1444 []
1445 []
1446 []
1447 []
1448 []
1449 []
1450 []
1451 []
1452 []
1453 []
1454 []
1455 []
1456 []
1457 []
1458 []
1459 []
1460 []
1461 []
1462 []
1463 []
1464 []
1465 []
1466 []
1467 []
1468 []
1469 []
1470 []
1471 []
1472 []
1473 []
1474 []
1475 []
1476 []
1477 []
1478 [2]
1479 [2]
1480 [2]
1481 []
1482 []
1483 []
1484 []
1485 []
1486 []
1487 []
1488 []
1489 []
1490 []
1491 []
1492 []
1493 []
1494 []
1495 []
1496 []
1497 []
1498 []
1499 []
1500 []
1501 [0]
1502 [0]
1503 [0]
1504 [0]
1505 [0]
1506 [0]
1507 [0]
1508 [0]
1509 [0]
1510 [0, 2]
1511 [0, 2]
1512 [0]
1513 []
1514 []
1515 []
1516 []
1517 []
1518 []
1519 []
1520 []
1521 []
1522 []
1523 [0]
1524 [0]
1525 [2, 0]
1526 [0, 2]
1527 [2]
1528 [2]
1529 []
1530 []
1531 []
1532 []
1533 []
1534 []
1535 []
1536 []
1537 []
1538 [0]
1539 [0, 2]
1540 []
1541 [0]
1542 [0]
1543 []
1544 []
1545 []
1546 []
1547 [0]
1548 [0]
1549 []
1550 []
1551 []
1552 []
1553 []
1554 []
1555 []
1556 []
1557 [2]
1558 []
1559 []
1560 []
1561 []
1562 []
1563 []
1564 []
1565 []
1566 []
1567 []
1568 []
1569 []
1570 []
1571 []
1572 []
1573 []
1574 []
1575 []
1576 []
1577 []
1578 []
1579 []
1580 []
1581 []
1582 []
1583 []
1584 []
1585 []
1586 []
1587 []
1588 []
1589 []
1590 []
1591 []
1592 []
1593 []
1594 []
1595 []
1596 []
1597 []
1598 []
1599 []
1600 []
1601 []
1602 []
1603 [2]
1604 [2]
1605 []
1606 []
1607 [2]
1608 [2]
1609 [2]
1610 []
1611 []
1612 []
1613 []
1614 []
1615 []
1616 [2]
1617 []
1618 []
1619 []
1620 []
1621 []
1622 []
1623 []
1624 [2]
1625 [2]
1626 []
1627 []
1628 [2]
1629 [2]
1630 [2]
1631 [2]
1632 [2]
1633 [2]
1634 [2]
1635 [2]
1636 [2]
1637 [2]
1638 [2]
1639 [2]
1640 [2]
1641 [2]
1642 [2]
1643 [2]
1644 [2]
1645 [2]
1646 [2]
1647 [2]
1648 [2]
1649 [2]
1650 [2]
1651 [2]
1652 [2]
1653 [2]
1654 [2]
1655 [2]
1656 []
1657 []
1658 []
1659 []
1660 []
1661 []
1662 [2]
1663 []
1664 []
1665 []
1666 []
1667 []
1668 []
1669 []
1670 []
1671 []
1672 [2]
1673 [2]
1674 [2]
1675 []
1676 []
1677 [2]
1678 [2]
1679 [2]
1680 []
1681 []
1682 [2]
1683 [2]
1684 [2]
1685 [2]
1686 [2]
1687 [2]
1688 [2]
1689 [2]
1690 [2]
1691 [2]
1692 [2]
1693 []
1694 []
1695 [2]
1696 [2]
1697 [2]
1698 [2]
1699 [2]
1700 [2]
1701 [2]
1702 [2]
1703 []
1704 []
1705 []
1706 [2]
1707 [2]
1708 [2]
1709 [2]
1710 [2]
1711 [2]
1712 [2]
1713 [2]
1714 [2]
1715 [2]
1716 []
1717 []
1718 [2]
1719 []
1720 []
1721 []
1722 [2]
1723 [2]
1724 [2]
1725 [2]
1726 [2]
1727 [2]
1728 [2]
1729 [2]
1730 [2]
1731 [2]
1732 [2]
1733 [2]
1734 [2]
1735 [2]
1736 [2]
1737 [2]
1738 [2]
1739 [2]
1740 [2]
1741 [2]
1742 [2]
1743 [2]
1744 [2]
1745 [2]
1746 [2]
1747 [2]
1748 [2]
1749 [2]
1750 [2]
1751 [2]
1752 []
1753 []
1754 [2]
1755 [2]
1756 [2]
1757 []
1758 []
1759 []
1760 []
1761 []
1762 [2]
1763 [2]
1764 [2]
1765 [2]
1766 [2]
1767 [2]
1768 [2]
1769 [2]
1770 [2]
1771 [2]
1772 [2]
1773 [2]
1774 [2]
1775 [2]
1776 [2]
1777 [2]
1778 [2]
1779 [2]
1780 [2]
1781 [2]
1782 [2]
1783 [2]
1784 [2]
1785 [2]
1786 [2]
1787 [2]
1788 [2]
1789 [2]
1790 [2]
1791 [2]
1792 [2]
1793 [2]
1794 [2]
1795 [2]
1796 [2]
1797 [2]
1798 [2]
1799 [2]
1800 [2]
1801 [2]
1802 [2]
1803 [2]
1804 [2]
1805 [2]
1806 [2]
1807 [2]
1808 [2]
1809 [2]
1810 [2]
1811 [2]
1812 [2]
1813 [2]
1814 [2]
1815 [2]
1816 [2]
1817 [2]
1818 [2]
1819 [2]
1820 [2]
1821 [2]
1822 [2]
1823 [2]
1824 [2]
1825 [2]
1826 [2]
1827 [2]
1828 [2]
1829 [2]
1830 [2]
1831 [2]
1832 [2]
1833 [2]
1834 [2]
1835 [2]
1836 []
1837 []
1838 []
1839 [2]
1840 [2]
1841 [2]
1842 [2]
1843 [2]
1844 [2]
1845 [2]
1846 [2]
1847 [2]
1848 []
1849 []
1850 []
1851 []
1852 []
1853 []
1854 []
1855 [2]
1856 []
1857 []
1858 []
1859 []
1860 []
1861 []
1862 []
1863 []
1864 []
1865 []
1866 []
1867 [2]
1868 []
1869 []
1870 []
1871 []
1872 []
1873 []
1874 []
1875 []
1876 []
1877 []
1878 []
1879 []
1880 []
1881 [2]
1882 [2]
1883 [2]
1884 [2]
1885 []
1886 []
1887 []
1888 []
1889 []
1890 [2]
1891 [2]
1892 [2]
1893 []
1894 []
1895 []
1896 []
1897 []
1898 []
1899 []
1900 []
1901 []
1902 []
1903 []
1904 []
1905 []
1906 []
1907 [2]
1908 [2]
1909 [2]
1910 []
1911 []
1912 []
1913 []
1914 []
1915 []
1916 []
1917 []
1918 []
1919 []
1920 []
1921 []
1922 []
1923 []
1924 []
1925 []
1926 [2]
1927 []
1928 []
1929 [2]
1930 []
1931 []
1932 []
1933 []
1934 []
1935 [2]
1936 [2]
1937 []
1938 []
1939 []
1940 []
1941 []
1942 []
1943 []
1944 [2]
1945 [2]
1946 [2]
1947 [2]
1948 []
1949 []
1950 []
1951 []
1952 []
1953 []
1954 []
1955 []
1956 []
1957 []
1958 []
1959 []
1960 []
1961 []
1962 []
1963 []
1964 []
1965 []
1966 []
1967 [2]
1968 [2]
1969 [2]
1970 [2]
1971 []
1972 []
1973 []
1974 []
1975 []
1976 []
1977 []
1978 []
1979 []
1980 []
1981 []
1982 []
1983 []
1984 []
1985 []
1986 []
1987 []
1988 []
1989 []
1990 [2]
1991 [2]
1992 [2]
1993 [2]
1994 [2]
1995 [2]
1996 [2]
1997 [2]
1998 []
1999 []
2000 []
2001 []
2002 []
2003 []
2004 []
2005 []
2006 []
2007 []
2008 []
2009 []
2010 []
2011 []
2012 []
2013 [2]
2014 [2]
2015 [2]
2016 []
2017 []
2018 []
2019 []
2020 []
2021 []
2022 []
2023 []
2024 []
2025 []
2026 []
2027 [2]
2028 []
2029 []
2030 []
2031 []
2032 []
2033 []
2034 []
2035 []
2036 []
2037 []
2038 []
2039 []
2040 []
2041 []
2042 []
2043 []
2044 []
2045 []
2046 [2]
2047 [2]
2048 []
2049 []
2050 []
2051 []
2052 []
2053 [2]
2054 [2]
2055 [2]
2056 [2]
2057 [2]
2058 []
2059 []
2060 []
2061 []
2062 []
2063 []
2064 []
2065 []
2066 []
2067 []
2068 [2]
2069 [2]
2070 [2]
2071 []
2072 []
2073 []
2074 []
2075 []
2076 []
2077 []
2078 []
2079 []
2080 []
2081 []
2082 []
2083 [2]
2084 [2]
2085 [2]
2086 [2]
2087 [2]
2088 [2]
2089 []
2090 []
2091 []
2092 [2]
2093 [2]
2094 []
2095 []
2096 []
2097 []
2098 []
2099 []
2100 []
2101 []
2102 []
2103 [2]
2104 [2]
2105 []
2106 []
2107 [2]
2108 [2]
2109 []
2110 []
2111 []
2112 []
2113 []
2114 []
2115 []
2116 []
2117 []
2118 []
2119 []
2120 []
2121 []
2122 []
2123 [2]
2124 []
2125 []
2126 [2]
2127 []
2128 []
2129 []
2130 []
2131 []
2132 []
2133 []
2134 [2]
2135 []
2136 []
2137 []
2138 []
2139 []
2140 []
2141 []
2142 []
2143 []
2144 []
2145 []
2146 []
2147 []
2148 []
2149 [2]
2150 [2]
2151 [2]
2152 []
2153 []
2154 []
2155 []
2156 []
2157 []
2158 [2]
2159 [2]
2160 [2]
2161 [2]
2162 [2]
2163 [2]
2164 [2]
2165 [2]
2166 [2]
2167 [2]
2168 []
2169 []
2170 [2]
2171 [2]
2172 [2]
2173 [2]
2174 [2]
2175 [2]
2176 []
2177 []
2178 []
2179 []
2180 []
2181 []
2182 []
2183 []
2184 []
2185 [2]
2186 [2]
2187 [2]
2188 [2]
2189 []
2190 []
2191 []
2192 []
2193 []
2194 []
2195 []
2196 [2]
2197 []
2198 []
2199 [2]
2200 [2]
2201 [2]
2202 [2]
2203 [2]
2204 [2]
2205 [2]
2206 [2]
2207 [2]
2208 [2]
2209 []
2210 []
2211 []
2212 []
2213 [2]
2214 [2]
2215 [2]
2216 [2]
2217 [2]
2218 [2]
2219 [2]
2220 []
2221 []
2222 [2]
2223 []
2224 []
2225 []
2226 [2]
2227 []
2228 []
2229 []
2230 []
2231 []
2232 []
2233 []
2234 []
2235 [2]
2236 [2]
2237 [2]
2238 [2]
2239 []
2240 []
2241 []
2242 []
2243 []
2244 []
2245 []
2246 []
2247 []
2248 []
2249 []
2250 [2]
2251 [2]
2252 [2]
2253 [2]
2254 [2]
2255 [2]
2256 [2]
2257 [2]
2258 [2]
2259 [2]
2260 [2]
2261 [2]
2262 [2]
2263 [2]
2264 [2]
2265 [2]
2266 [2]
2267 [2]
2268 [2]
2269 [2]
2270 [2]
2271 [2]
2272 [2]
2273 [2]
2274 [2]
2275 [2]
2276 [2]
2277 [2]
2278 [2]
2279 [2]
2280 [2]
2281 [2]
2282 [2]
2283 [2]
2284 [2]
2285 [2]
2286 [2]
2287 [2]
2288 [2]
2289 [2]
2290 [2]
2291 [2]
2292 [2]
2293 [2]
2294 [2]
2295 [2]
2296 [2]
2297 [2]
2298 [2]
2299 [2]
2300 [2]
2301 [2]
2302 [2]
2303 [2]
2304 [2]
2305 [2]
2306 [2]
2307 [2]
2308 [2]
2309 [2]
2310 [2]
2311 [2]
2312 [2]
2313 [2]
2314 [2]
2315 [2]
2316 [2]
2317 [2]
2318 [2]
2319 []
2320 []
2321 []
2322 []
2323 []
2324 []
2325 []
2326 []
2327 []
2328 []
2329 []
2330 []
2331 []
2332 []
2333 []
2334 []
2335 []
2336 [2]
2337 []
2338 []
2339 []
2340 []
2341 []
2342 []
2343 []
2344 []
2345 []
2346 []
2347 []
2348 []
2349 []
2350 []
2351 []
2352 []
2353 []
2354 [2]
2355 [2]
2356 [2]
2357 []
2358 []
2359 []
2360 []
2361 []
2362 [2]
2363 [2]
2364 []
2365 []
2366 []
2367 []
2368 []
2369 []
2370 []
2371 []
2372 []
2373 []
2374 []
2375 []
2376 []
2377 [2]
2378 [2]
2379 [2]
2380 [2]
2381 [2]
2382 []
2383 []
2384 []
2385 []
2386 [2]
2387 []
2388 []
2389 [2]
2390 []
2391 []
2392 [2]
2393 []
2394 []
2395 [2]
2396 [2]
2397 [2]
2398 [2]
2399 []
2400 []
2401 []
2402 []
2403 []
2404 []
2405 []
2406 []
2407 []
2408 []
2409 []
2410 []
2411 []
2412 []
2413 [0]
2414 []
2415 []
2416 [0]
2417 []
2418 [0]
2419 []
2420 [0]
2421 [0]
2422 []
2423 [0]
2424 [0]
2425 [0]
2426 [0]
2427 []
2428 []
2429 []
2430 []
2431 [0]
2432 [0]
2433 [0]
2434 []
2435 [0]
2436 [0]
2437 [0]
2438 []
2439 []
2440 []
2441 [0]
2442 []
2443 []
2444 []
2445 []
2446 [0]
2447 []
2448 []
2449 [0]
2450 [0]
2451 [0, 2]
2452 [0]
2453 [0]
2454 [0]
2455 [0]
2456 []
2457 []
2458 []
2459 []
2460 []
2461 []
2462 []
2463 [2]
2464 [2]
2465 [2]
2466 []
2467 []
2468 []
2469 []
2470 []
2471 [2]
2472 [2]
2473 [2]
2474 [2]
2475 []
2476 []
2477 []
2478 []
2479 []
2480 []
2481 []
2482 []
2483 []
2484 []
2485 []
2486 []
2487 []
2488 []
2489 []
2490 []
2491 []
2492 []
2493 []
2494 [2]
2495 [2]
2496 [2]
2497 [2]
2498 [2]
2499 [2]
2500 []
2501 []
2502 []
2503 []
2504 []
2505 [2]
2506 [2]
2507 [2]
2508 [2]
2509 [2]
2510 [2]
2511 []
2512 []
2513 [2]
2514 [2]
2515 [2]
2516 []
2517 []
2518 []
2519 []
2520 []
2521 []
2522 []
2523 []
2524 []
2525 []
2526 [2]
2527 [2]
2528 [2]
2529 []
2530 []
2531 [2]
2532 [2]
2533 [2]
2534 [2]
2535 [2]
2536 [2]
2537 [2]
2538 [2]
2539 [2]
2540 [2]
2541 [2]
2542 [2]
2543 []
2544 []
2545 []
2546 []
2547 []
2548 [2]
2549 [2]
2550 [2]
2551 []
2552 []
2553 [2]
2554 [2]
2555 [2]
2556 []
2557 []
2558 []
2559 []
2560 [2]
2561 [2]
2562 [2]
2563 [2]
2564 [2]
2565 [2]
2566 []
2567 []
2568 []
2569 []
2570 []
2571 []
2572 []
2573 []
2574 []
2575 []
2576 []
2577 []
2578 []
1 []
2 []
3 []
4 []
5 []
6 []
7 []
8 []
9 []
10 [2]
11 [2]
12 [2]
13 [2]
14 [2]
15 [2]
16 [2]
17 [2, 8]
18 [2]
19 [2]
20 [2]
21 [2]
22 [2]
23 [2]
24 [2]
25 [2]
26 [2]
27 [2]
28 [2]
29 [2]
30 [2]
31 [2]
32 [2]
33 [2]
34 [2]
35 [2]
36 [2]
37 [2]
38 [2]
39 [2]
40 [2]
41 [2]
42 [2]
43 [2]
44 [2]
45 [2]
46 [2]
47 [2]
48 [2]
49 [2]
50 [2]
51 [2]
52 [0, 2]
53 [0, 0, 2]
54 [0, 0, 2]
55 [0, 0, 2]
56 [0, 0, 2]
1 []
2 []
3 []
4 []
5 []
6 []
7 []
8 []
9 []
10 [2]
11 [2]
12 [2]
13 [2]
14 [2]
15 [2]
16 [2]
17 [2, 8]
18 [2]
19 [2]
20 [2]
21 [2]
22 [2]
23 [2]
24 [2]
25 [2]
26 [2]
27 [2]
28 [2]
29 [2]
30 [2]
31 [2]
32 [2]
33 [2]
34 [2]
35 [2]
36 [2]
37 [2]
38 [2]
39 [2]
40 [2]
41 [2]
42 [2]
43 [2]
44 [2]
45 [2]
46 [2]
47 [2]
48 [2]
49 [2]
50 [2]
51 [2]
52 [0, 2]
53 [0, 0, 2]
54 [0, 0, 2]
55 [0, 0, 2]
56 [0, 0, 2]
1 []
2 []
3 []
4 []
5 []
6 []
7 []
8 []
9 []
10 [2]
11 [2]
12 [2]
13 [2]
14 [2]
15 [2]
16 [2]
17 [2, 8]
18 [2]
19 [2]
20 [2]
21 [2]
22 [2]
23 [2]
24 [2]
25 [2]
26 [2]
27 [2]
28 [2]
29 [2]
30 [2]
31 [2]
32 [2]
33 [2]
34 [2]
35 [2]
36 [2]
37 [2]
38 [2]
39 [2]
40 [2]
41 [2]
42 [2]
43 [2]
44 [2]
45 [2]
46 [2]
47 [2]
48 [2]
49 [2]
50 [2]
51 [2]
52 [0, 2]
53 [0, 0, 2]
54 [0, 0, 2]
55 [0, 0, 2]
56 [0, 0, 2]
57 [0, 0, 2]
58 [0, 2]
59 [0, 2]
60 [2]
61 [2]
62 [2]
63 [2]
64 [2]
1 []
2 []
3 []
4 []
5 []
6 []
7 []
8 []
9 []
10 []
11 []
12 []
13 [2]
14 [2]
15 [2]
16 [2]
17 [2]
18 [2]
19 [2]
20 [2]
21 [2]
22 [2]
23 [2]
24 [2]
25 [2]
26 [2]
27 [2]
28 [2]
29 [2]
30 [2]
31 [2]
32 [2]
33 [2]
34 [2]
35 [2]
36 [2]
37 [2]
38 [2]
39 [2]
40 [2]
41 [2]
42 [2]
43 [2]
44 [2]
45 [2]
46 [2]
47 [2]
48 [2]
49 [2]
50 [2]
51 [2]
52 [2]
53 [2]
54 [2]
55 [2]
56 [2]
57 [2]
58 [2]
59 [2]
60 [2]
61 [2]
62 [2]
63 [2]
64 [2]
1 [2]
2 [2]
3 [2]
4 [2]
5 [2]
6 [2]
7 [2]
8 [2]
9 [2]
10 [2]
11 [2]
12 [2]
13 [2]
14 [2]
15 [2]
16 [2]
17 [2]
18 [2]
19 [2]
20 [2]
21 [2]
22 [2]
23 [2]
24 [2]
25 [2]
26 [2]
27 [2]
28 [2]
29 [2]
30 [0, 2]
31 [0, 2]
32 [0, 0, 2]
33 [0, 0, 2]
34 [0, 0, 2]
35 [0, 0, 2]
36 [0, 0, 2]
37 [0, 0, 2]
38 [0, 0, 2]
39 [0, 0, 2]
40 [0, 0, 2]
41 [0, 0, 2]
42 [0, 0, 2]
43 [0, 2]
44 [0, 0, 2]
45 [0, 0, 2]
46 [2]
47 [0, 2]
48 [2]
49 [2]
50 [2]
51 [2]
52 [2]
53 [2]
54 [2]
55 [2]
56 [2, 0]
57 [0, 0, 2]
58 [0, 2]
59 [0, 2]
60 [0, 0, 2]
1 []
2 []
3 []
4 []
5 []
6 []
7 []
8 []
9 []
10 []
11 []
12 []
13 []
14 []
15 []
16 []
17 []
18 []
19 []
20 [8]
21 []
22 []
23 []
24 []
25 []
26 []
27 [2, 0]
28 [0]
29 [0]
30 []
31 [2]
32 []
33 []
34 [2]
35 [2]
36 [2]
37 [2]
38 [2]
39 [2]
40 [2]
41 [2]
42 [2]
43 [2]
44 [2]
45 [2]
46 [2]
47 [2]
48 [2]
49 [2]
50 [2]
51 [2]
52 [2]
53 [2]
54 [2]
55 [2]
56 [2]
1 []
2 []
3 []
4 []
5 []
6 []
7 []
8 []
9 []
10 []
11 []
12 []
13 []
14 []
15 []
16 []
17 []
18 []
19 []
20 [8]
21 []
22 []
23 []
24 []
25 []
26 []
27 [2, 0]
28 [0]
29 [0]
30 []
31 [2]
32 []
33 []
34 [2]
35 [2]
36 [2]
37 [2]
1 []
2 []
3 []
4 []
5 []
6 []
7 []
8 []
9 []
10 []
11 []
12 []
13 []
14 []
15 []
16 []
17 []
18 []
19 []
20 [8]
21 []
22 []
23 []
24 []
25 []
26 []
27 [2, 0]
28 [0]
29 [0]
30 []
31 [2]
32 []
33 []
34 [2]
35 [2]
36 [2]
37 [2]
38 [2]
39 [2]
40 [2]
41 [2]
42 [2]
43 [2]
44 [2]
45 [2]
46 [2]
47 [2]
48 [2]
49 [2]
50 [2]
51 [2]
52 [2]
53 [2]
54 [2]
55 [2]
56 [2]
57 [2]
58 [2]
59 [2]
60 [2]
61 [2]
62 [2]
63 [2]
64 [2]
65 [2]
66 [2]
67 [2]
68 [2]
69 [2]
70 [2]
71 [2]
72 [2]
73 [2]
74 [2]
75 [2]
76 [2]
77 [2]
78 [2]
79 [2]
80 [2]
81 [2]
82 [2]
83 [2]
84 [2]
85 [2]
86 [2]
87 [2]
88 [2]
89 [2]
90 [2]
91 [2]
92 [2]
93 [2, 8]
94 [2]
95 [2]
96 [2]
97 [2]
98 [2]
99 [2]
100 [2]
101 [2]
102 [2]
103 [2]
104 [2]
105 [2]
106 [2]
107 [2]
108 [2]
109 [2]
110 [2]
111 [2]
112 [2]
113 [2]
114 [2]
115 [2]
116 [2]
117 [2]
118 [2]
119 [2]
120 [2]
121 [2]
122 [2]
123 [2]
124 [2]
125 [2]
126 [2]
127 [2]
128 [2]
129 [2]
130 [2]
131 [2]
132 [2]
133 [2]
134 [2]
135 [2]
136 [2]
137 [2]
138 [2]
139 [2]
140 [2]
141 [2]
142 [2]
143 [2]
144 [2]
145 [2]
146 [2]
147 [2]
148 [2]
149 [2]
150 [2]
151 [2]
152 [2]
153 [2]
154 [2]
155 [2]
156 [2]
157 [2]
158 [2]
159 [2]
160 [2]
161 [2]
162 [2]
163 [2]
164 [2]
165 [2]
166 [2]
167 [2]
168 [2]
169 [2]
170 [2]
171 [2]
172 [2]
173 [2]
174 [2]
175 [2]
176 [2]
177 [2]
178 [2]
179 [2]
180 [2]
181 [2]
182 [2]
183 [2]
184 [2]
185 [2]
186 [2]
187 [2]
188 [2]
189 [2]
190 [2]
191 [2]
192 [2]
193 [2]
194 [2]
195 [2]
196 [2]
197 [2]
198 [2]
199 [2]
200 [2]
201 [2]
202 [2]
203 [2]
204 [2]
205 [2]
206 [2]
207 [2]
208 [2]
209 [2]
210 [2]
211 [2]
212 [2]
213 [2]
214 [2]
215 [2]
216 [2]
217 [2]
218 [2]
219 [2]
220 [2]
221 [2]
222 [2]
223 [2]
224 [2]
225 [2]
226 [2]
227 [2]
228 [2]
229 [2]
230 [2]
231 [2]
232 [2]
233 [2]
234 [2]
235 [2]
236 [2]
237 [2]
238 [2]
239 [2]
240 [2]
241 [2]
242 [2]
243 [2]
244 [2]
245 [2]
246 [2]
247 [2]
248 [2]
249 [2]
250 [2]
251 [2]
252 [2]
253 [2]
254 [2]
255 [2]
256 [2]
257 [2]
258 [2]
259 [2]
260 [2]
261 [2]
262 [2]
263 [2]
264 [2]
265 [2]
266 [2]
267 [2]
268 [2]
269 [2]
270 [2]
271 [2]
272 [2]
273 [2]
274 [2]
275 [2]
276 [2]
277 [2]
278 [2]
279 [0, 2]
280 [0, 2]
281 [0, 2]
282 [0, 2]
283 [0, 2]
284 [0, 2]
285 [0, 2]
286 [0, 0, 2]
287 [0, 0, 2]
288 [0, 0, 2]
289 [0, 0, 2]
290 [0, 0, 2]
291 [0, 0, 2]
292 [0, 0, 2]
293 [0, 0, 2]
294 [0, 0, 2]
295 [0, 0, 2]
296 [0, 0, 2]
297 [0, 0, 2]
298 [0, 0, 2]
299 [0, 0, 2]
300 [0, 0, 2]
301 [0, 0, 2]
302 [0, 0, 2]
303 [0, 0, 2]
304 [0, 0, 2]
305 [0, 0, 2]
306 [0, 0, 0, 2]
307 [0, 0, 2]
308 [0, 0, 2, 0]
309 [0, 0, 2]
310 [0, 0, 2]
311 [0, 0, 2]
312 [0, 0, 2]
313 [0, 0, 2, 0]
314 [0, 0, 0, 2]
315 [0, 0, 2]
316 [0, 0, 2]
317 [0, 0, 2]
318 [0, 0, 2]
319 [0, 0, 2]
320 [0, 0, 2]
321 [0, 0, 2]
322 [0, 0, 2]
323 [0, 0, 2]
324 [0, 0, 2]
325 [0, 0, 2]
326 [0, 0, 2]
327 [0, 0, 2]
328 [0, 0, 2]
329 [0, 2]
330 [0, 2]
331 [2]
332 [2]
333 [2]
334 [2]
335 [2]
336 [2]
337 [2]
338 [2]
339 [2]
340 [2]
341 [2]
342 [2]
343 [2]
344 [2]
345 [2]
346 [2]
347 [2]
348 [2]
349 [2]
350 [2]
351 [2]
352 [2]
353 [2]
354 [2]
355 [2]
356 [0, 2]
357 [0, 2]
358 [0, 2]
359 [0, 0, 2]
360 [0, 2, 0]
361 [0, 2, 0]
362 [0, 2, 0]
363 [0, 0, 2]
364 [0, 0, 0, 2]
365 [0, 0, 2]
366 [0, 0, 2]
367 [0, 0, 2]
368 [0, 0, 2]
369 [0, 0, 2]
370 [0, 0, 0, 2]
371 [0, 0, 0, 2]
372 [0, 0, 0, 2]
373 [0, 0, 0, 2]
374 [0, 0, 0, 2]
375 [0, 0, 0, 2]
376 [0, 0, 0, 2]
377 [0, 0, 0, 2]
378 [0, 0, 0, 2]
379 [0, 0, 0, 2]
380 [0, 0, 0, 2]
381 [0, 0, 0, 2]
382 [0, 0, 0, 2]
383 [0, 0, 0, 2]
384 [0, 0, 0, 2]
385 [0, 0, 0, 2]
386 [0, 0, 0, 2]
387 [0, 0, 0, 2]
388 [0, 0, 0, 2]
389 [0, 0, 0, 2]
390 [0, 0, 0, 2]
391 [0, 0, 0, 2]
392 [0, 0, 0, 2]
393 [0, 0, 0, 2]
394 [0, 0, 0, 2, 0]
395 [0, 0, 0, 2, 0]
396 [0, 0, 0, 0, 2]
397 [0, 0, 0, 2]
398 [0, 0, 0, 2]
399 [0, 0, 0, 2]
400 [0, 0, 0, 2]
401 [0, 0, 0, 2]
402 [0, 0, 0, 2]
403 [0, 0, 0, 2]
404 [0, 0, 0, 2]
405 [0, 0, 0, 2]
406 [0, 0, 0, 2]
407 [0, 0, 0, 2]
408 [0, 0, 2]
409 [0, 0, 2]
410 [0, 0, 0, 2]
411 [0, 0, 0, 2]
412 [0, 0, 0, 2]
413 [0, 0, 0, 2]
414 [0, 0, 0, 2]
415 [0, 0, 0, 2]
416 [0, 0, 0, 2]
417 [0, 0, 0, 2]
418 [0, 0, 0, 2]
419 [0, 0, 0, 2]
420 [0, 0, 0, 2]
421 [0, 0, 0, 2]
422 [0, 0, 0, 2]
423 [0, 0, 0, 2]
424 [0, 0, 0, 2]
425 [0, 0, 0, 2]
426 [0, 0, 0, 2]
427 [0, 0, 0, 2]
428 [0, 0, 0, 2]
429 [0, 0, 0, 2]
430 [0, 0, 0, 2, 0]
431 [0, 0, 0, 2]
432 [0, 0, 0, 2]
433 [0, 0, 0, 2]
434 [0, 0, 0, 2]
435 [0, 0, 0, 2]
436 [0, 0, 0, 2]
437 [0, 0, 0, 2]
438 [0, 0, 0, 2]
439 [0, 0, 0, 2]
440 [0, 0, 0, 2]
441 [0, 0, 0, 2, 0]
